service_id,monday,tuesday,wednesday,thursday,friday,saturday,sunday,start_date,end_date
1,0,0,0,0,0,0,0,20200221,20201211
2,0,0,0,0,0,0,0,20200223,20201210
3,0,0,0,0,0,0,0,20200221,20201211
4,0,0,0,0,0,0,0,20200221,20201212
5,0,0,0,0,0,0,0,20200222,20201212
6,0,0,0,0,0,0,0,20200222,20201212
7,0,0,0,0,0,0,0,20200223,20201206
8,0,0,0,0,0,0,0,20201031,20201031
9,0,0,0,0,0,0,0,20200522,20200522
10,0,0,0,0,0,0,0,20200221,20200618
11,0,0,0,0,0,0,0,20200222,20200613
12,0,0,0,0,0,0,0,20200221,20200618
13,0,0,0,0,0,0,0,20200223,20200614
14,0,0,0,0,0,0,0,20200410,20200606
15,0,0,0,0,0,0,0,20200221,20201212
16,0,0,0,0,0,0,0,20200221,20201211
17,0,0,0,0,0,0,0,20200221,20201212
18,0,0,0,0,0,0,0,20200221,20201212
19,0,0,0,0,0,0,0,20200222,20201212
20,0,0,0,0,0,0,0,20200622,20200814
21,0,0,0,0,0,0,0,20200620,20201212
22,0,0,0,0,0,0,0,20200621,20201210
23,0,0,0,0,0,0,0,20200619,20201212
24,0,0,0,0,0,0,0,20200222,20200614
25,0,0,0,0,0,0,0,20200223,20200617
26,0,0,0,0,0,0,0,20200221,20200613
27,0,0,0,0,0,0,0,20200221,20200613
28,0,0,0,0,0,0,0,20200221,20200612
29,0,0,0,0,0,0,0,20200222,20200613
30,0,0,0,0,0,0,0,20200619,20201212
31,0,0,0,0,0,0,0,20200414,20201211
32,0,0,0,0,0,0,0,20200410,20201212
33,0,0,0,0,0,0,0,20200410,20201212
34,0,0,0,0,0,0,0,20200410,20201212
35,0,0,0,0,0,0,0,20200221,20200409
36,0,0,0,0,0,0,0,20200221,20200409
37,0,0,0,0,0,0,0,20200221,20200409
38,0,0,0,0,0,0,0,20200222,20200405
39,0,0,0,0,0,0,0,20200221,20200618
40,0,0,0,0,0,0,0,20200223,20200614
41,0,0,0,0,0,0,0,20200221,20200618
42,0,0,0,0,0,0,0,20200221,20200618
43,0,0,0,0,0,0,0,20200221,20201211
44,0,0,0,0,0,0,0,20200222,20201212
45,0,0,0,0,0,0,0,20200222,20201212
46,0,0,0,0,0,0,0,20200222,20201212
47,0,0,0,0,0,0,0,20200410,20201031
48,0,0,0,0,0,0,0,20200221,20201211
49,0,0,0,0,0,0,0,20200222,20201212
50,0,0,0,0,0,0,0,20200224,20201207
51,0,0,0,0,0,0,0,20200222,20201212
52,0,0,0,0,0,0,0,20200222,20201212
53,0,0,0,0,0,0,0,20200221,20201212
54,0,0,0,0,0,0,0,20200223,20201206
55,0,0,0,0,0,0,0,20200221,20201212
56,0,0,0,0,0,0,0,20200221,20201212
57,0,0,0,0,0,0,0,20200221,20201212
58,0,0,0,0,0,0,0,20200223,20201206
59,0,0,0,0,0,0,0,20200222,20201212
60,0,0,0,0,0,0,0,20200222,20201212
61,0,0,0,0,0,0,0,20200221,20201212
62,0,0,0,0,0,0,0,20200224,20201210
63,0,0,0,0,0,0,0,20200221,20201211
64,0,0,0,0,0,0,0,20200222,20201212
65,0,0,0,0,0,0,0,20200222,20201212
66,0,0,0,0,0,0,0,20200224,20201210
67,0,0,0,0,0,0,0,20200221,20201211
68,0,0,0,0,0,0,0,20200221,20201211
69,0,0,0,0,0,0,0,20200222,20201212
70,0,0,0,0,0,0,0,20200223,20201210
71,0,0,0,0,0,0,0,20200224,20201211
72,0,0,0,0,0,0,0,20200410,20201212
73,0,0,0,0,0,0,0,20200410,20201212
74,0,0,0,0,0,0,0,20200821,20201211
75,0,0,0,0,0,0,0,20200221,20201211
76,0,0,0,0,0,0,0,20200222,20201212
77,0,0,0,0,0,0,0,20200222,20201212
78,0,0,0,0,0,0,0,20200623,20200814
79,0,0,0,0,0,0,0,20200622,20200810
80,0,0,0,0,0,0,0,20200621,20200816
81,0,0,0,0,0,0,0,20200521,20200816
82,0,0,0,0,0,0,0,20200619,20200815
83,0,0,0,0,0,0,0,20200410,20200816
84,0,0,0,0,0,0,0,20200221,20200813
85,0,0,0,0,0,0,0,20200626,20200814
86,0,0,0,0,0,0,0,20200221,20200814
87,0,0,0,0,0,0,0,20200403,20200618
88,0,0,0,0,0,0,0,20200521,20200521
89,0,0,0,0,0,0,0,20200222,20200521
90,0,0,0,0,0,0,0,20200413,20200413
91,0,0,0,0,0,0,0,20200410,20200410
92,0,0,0,0,0,0,0,20200410,20200413
93,0,0,0,0,0,0,0,20200404,20200404
94,0,0,0,0,0,0,0,20200222,20200418
95,0,0,0,0,0,0,0,20200411,20200412
96,0,0,0,0,0,0,0,20200411,20200411
97,0,0,0,0,0,0,0,20200412,20200412
98,0,0,0,0,0,0,0,20200222,20200614
99,0,0,0,0,0,0,0,20200221,20200619
100,0,0,0,0,0,0,0,20200221,20201211
101,0,0,0,0,0,0,0,20200224,20201207
102,0,0,0,0,0,0,0,20200222,20201212
103,0,0,0,0,0,0,0,20200223,20201206
104,0,0,0,0,0,0,0,20200222,20201212
105,0,0,0,0,0,0,0,20200222,20201212
106,0,0,0,0,0,0,0,20200222,20201212
107,0,0,0,0,0,0,0,20200222,20201212
108,0,0,0,0,0,0,0,20200221,20201211
109,0,0,0,0,0,0,0,20200222,20201212
110,0,0,0,0,0,0,0,20200221,20201211
111,0,0,0,0,0,0,0,20200224,20201210
112,0,0,0,0,0,0,0,20200222,20201212
113,0,0,0,0,0,0,0,20200223,20201210
114,0,0,0,0,0,0,0,20200222,20201212
115,0,0,0,0,0,0,0,20200221,20201211
116,0,0,0,0,0,0,0,20200222,20201212
117,0,0,0,0,0,0,0,20200222,20201212
118,0,0,0,0,0,0,0,20200623,20200813
119,0,0,0,0,0,0,0,20200622,20200814
120,0,0,0,0,0,0,0,20200413,20200815
121,0,0,0,0,0,0,0,20200619,20200816
122,0,0,0,0,0,0,0,20200413,20200814
123,0,0,0,0,0,0,0,20200413,20200521
124,0,0,0,0,0,0,0,20200410,20200412
125,0,0,0,0,0,0,0,20200330,20200416
126,0,0,0,0,0,0,0,20200221,20201212
127,0,0,0,0,0,0,0,20200306,20201211
128,0,0,0,0,0,0,0,20200306,20201211
129,0,0,0,0,0,0,0,20200221,20200305
130,0,0,0,0,0,0,0,20200221,20200618
131,0,0,0,0,0,0,0,20200222,20200404
132,0,0,0,0,0,0,0,20200222,20201212
133,0,0,0,0,0,0,0,20200223,20201206
134,0,0,0,0,0,0,0,20200221,20201211
135,0,0,0,0,0,0,0,20200221,20201211
136,0,0,0,0,0,0,0,20200222,20201212
137,0,0,0,0,0,0,0,20200619,20200815
138,0,0,0,0,0,0,0,20200222,20201212
139,0,0,0,0,0,0,0,20200221,20200619
140,0,0,0,0,0,0,0,20200223,20201212
141,0,0,0,0,0,0,0,20200222,20200404
142,0,0,0,0,0,0,0,20200222,20201212
143,0,0,0,0,0,0,0,20200224,20201207
144,0,0,0,0,0,0,0,20200222,20201212
145,0,0,0,0,0,0,0,20200410,20200413
146,0,0,0,0,0,0,0,20200221,20200404
147,0,0,0,0,0,0,0,20200223,20200405
148,0,0,0,0,0,0,0,20200410,20200613
149,0,0,0,0,0,0,0,20200406,20200617
150,0,0,0,0,0,0,0,20200221,20201212
151,0,0,0,0,0,0,0,20200409,20201211
152,0,0,0,0,0,0,0,20200409,20201211
153,0,0,0,0,0,0,0,20200221,20200408
154,0,0,0,0,0,0,0,20200224,20200402
155,0,0,0,0,0,0,0,20200223,20200405
156,0,0,0,0,0,0,0,20200223,20200405
157,0,0,0,0,0,0,0,20200224,20200227
158,0,0,0,0,0,0,0,20200221,20201212
159,0,0,0,0,0,0,0,20200302,20201209
160,0,0,0,0,0,0,0,20200221,20201211
161,0,0,0,0,0,0,0,20200221,20201211
162,0,0,0,0,0,0,0,20200225,20201210
163,0,0,0,0,0,0,0,20200222,20201212
164,0,0,0,0,0,0,0,20200222,20201212
165,0,0,0,0,0,0,0,20200221,20201211
166,0,0,0,0,0,0,0,20200402,20201211
167,0,0,0,0,0,0,0,20200222,20201212
168,0,0,0,0,0,0,0,20200223,20201206
169,0,0,0,0,0,0,0,20200221,20201211
170,0,0,0,0,0,0,0,20200221,20201211
171,0,0,0,0,0,0,0,20200222,20201212
172,0,0,0,0,0,0,0,20200223,20201206
173,0,0,0,0,0,0,0,20200222,20201212
174,0,0,0,0,0,0,0,20200223,20201206
175,0,0,0,0,0,0,0,20200221,20201211
176,0,0,0,0,0,0,0,20200221,20201211
177,0,0,0,0,0,0,0,20200222,20201212
178,0,0,0,0,0,0,0,20200223,20201206
179,0,0,0,0,0,0,0,20200223,20201206
180,0,0,0,0,0,0,0,20200222,20201212
181,0,0,0,0,0,0,0,20200223,20201206
182,0,0,0,0,0,0,0,20200222,20201212
183,0,0,0,0,0,0,0,20200223,20201206
184,0,0,0,0,0,0,0,20200222,20201212
185,0,0,0,0,0,0,0,20200222,20201212
186,0,0,0,0,0,0,0,20200222,20201212
187,0,0,0,0,0,0,0,20200222,20201212
188,0,0,0,0,0,0,0,20200221,20201212
189,0,0,0,0,0,0,0,20200221,20201212
190,0,0,0,0,0,0,0,20200223,20201206
191,0,0,0,0,0,0,0,20200221,20201212
192,0,0,0,0,0,0,0,20200223,20201210
193,0,0,0,0,0,0,0,20200221,20201212
194,0,0,0,0,0,0,0,20200223,20201210
195,0,0,0,0,0,0,0,20200222,20201212
196,0,0,0,0,0,0,0,20200221,20201211
197,0,0,0,0,0,0,0,20200222,20201212
198,0,0,0,0,0,0,0,20200224,20201210
199,0,0,0,0,0,0,0,20200619,20200816
200,0,0,0,0,0,0,0,20200619,20200815
201,0,0,0,0,0,0,0,20200328,20200815
202,0,0,0,0,0,0,0,20200329,20200816
203,0,0,0,0,0,0,0,20200619,20200815
204,0,0,0,0,0,0,0,20200221,20200417
205,0,0,0,0,0,0,0,20200405,20200405
206,0,0,0,0,0,0,0,20200419,20200419
207,0,0,0,0,0,0,0,20200418,20200418
208,0,0,0,0,0,0,0,20200406,20200408
209,0,0,0,0,0,0,0,20200416,20200416
210,0,0,0,0,0,0,0,20200330,20200403
211,0,0,0,0,0,0,0,20200402,20200402
212,0,0,0,0,0,0,0,20200410,20200413
213,0,0,0,0,0,0,0,20200406,20200416
214,0,0,0,0,0,0,0,20200331,20200402
215,0,0,0,0,0,0,0,20200414,20200415
216,0,0,0,0,0,0,0,20200330,20200401
217,0,0,0,0,0,0,0,20200330,20200402
218,0,0,0,0,0,0,0,20200329,20200329
219,0,0,0,0,0,0,0,20200302,20201207
220,0,0,0,0,0,0,0,20200221,20201211
221,0,0,0,0,0,0,0,20200222,20200613
222,0,0,0,0,0,0,0,20200619,20200815
223,0,0,0,0,0,0,0,20200620,20200816
224,0,0,0,0,0,0,0,20200221,20200618
225,0,0,0,0,0,0,0,20200619,20200619
226,0,0,0,0,0,0,0,20200221,20200619
227,0,0,0,0,0,0,0,20200419,20201025
228,0,0,0,0,0,0,0,20200410,20201212
229,0,0,0,0,0,0,0,20200221,20201212
230,0,0,0,0,0,0,0,20200222,20201212
231,0,0,0,0,0,0,0,20200221,20201211
232,0,0,0,0,0,0,0,20200221,20201212
233,0,0,0,0,0,0,0,20200223,20201210
234,0,0,0,0,0,0,0,20200221,20201212
235,0,0,0,0,0,0,0,20200222,20201212
236,0,0,0,0,0,0,0,20200223,20201206
237,0,0,0,0,0,0,0,20200223,20201206
238,0,0,0,0,0,0,0,20200222,20201212
239,0,0,0,0,0,0,0,20200222,20201212
240,0,0,0,0,0,0,0,20200222,20201212
241,0,0,0,0,0,0,0,20200223,20201206
242,0,0,0,0,0,0,0,20200223,20201206
243,0,0,0,0,0,0,0,20200221,20201211
244,0,0,0,0,0,0,0,20200221,20201212
245,0,0,0,0,0,0,0,20200223,20201210
246,0,0,0,0,0,0,0,20200221,20201212
247,0,0,0,0,0,0,0,20200221,20201212
248,0,0,0,0,0,0,0,20200221,20201212
249,0,0,0,0,0,0,0,20200221,20201212
250,0,0,0,0,0,0,0,20200223,20201210
251,0,0,0,0,0,0,0,20200221,20201212
252,0,0,0,0,0,0,0,20200619,20200816
253,0,0,0,0,0,0,0,20200414,20200814
254,0,0,0,0,0,0,0,20200413,20200816
255,0,0,0,0,0,0,0,20200413,20200816
256,0,0,0,0,0,0,0,20200329,20200413
257,0,0,0,0,0,0,0,20200328,20200328
258,0,0,0,0,0,0,0,20200329,20200402
259,0,0,0,0,0,0,0,20200330,20200401
260,0,0,0,0,0,0,0,20200817,20201211
261,0,0,0,0,0,0,0,20200622,20201211
262,0,0,0,0,0,0,0,20200221,20201211
263,0,0,0,0,0,0,0,20200619,20201211
264,0,0,0,0,0,0,0,20200221,20200617
265,0,0,0,0,0,0,0,20200222,20200614
266,0,0,0,0,0,0,0,20200222,20201212
267,0,0,0,0,0,0,0,20200410,20200614
268,0,0,0,0,0,0,0,20200406,20200618
269,0,0,0,0,0,0,0,20200406,20200617
270,0,0,0,0,0,0,0,20200221,20201211
271,0,0,0,0,0,0,0,20200223,20200816
272,0,0,0,0,0,0,0,20200223,20200815
273,0,0,0,0,0,0,0,20200223,20200614
274,0,0,0,0,0,0,0,20200221,20200618
275,0,0,0,0,0,0,0,20200221,20200617
276,0,0,0,0,0,0,0,20200221,20200609
277,0,0,0,0,0,0,0,20200221,20200814
278,0,0,0,0,0,0,0,20200221,20200814
279,0,0,0,0,0,0,0,20200222,20200614
280,0,0,0,0,0,0,0,20200221,20200618
281,0,0,0,0,0,0,0,20200618,20200618
282,0,0,0,0,0,0,0,20200223,20200816
283,0,0,0,0,0,0,0,20200222,20200816
284,0,0,0,0,0,0,0,20200222,20200815
285,0,0,0,0,0,0,0,20200222,20200815
286,0,0,0,0,0,0,0,20200221,20201212
287,0,0,0,0,0,0,0,20200411,20200614
288,0,0,0,0,0,0,0,20200409,20200613
289,0,0,0,0,0,0,0,20200822,20201101
290,0,0,0,0,0,0,0,20200221,20201211
291,0,0,0,0,0,0,0,20200222,20201212
292,0,0,0,0,0,0,0,20200817,20201030
293,0,0,0,0,0,0,0,20200406,20200814
294,0,0,0,0,0,0,0,20200409,20200618
295,0,0,0,0,0,0,0,20200409,20201030
296,0,0,0,0,0,0,0,20200410,20201101
297,0,0,0,0,0,0,0,20200221,20201211
298,0,0,0,0,0,0,0,20200223,20201210
299,0,0,0,0,0,0,0,20200622,20200813
300,0,0,0,0,0,0,0,20200615,20200617
301,0,0,0,0,0,0,0,20200615,20200618
302,0,0,0,0,0,0,0,20200306,20200403
303,0,0,0,0,0,0,0,20200221,20200814
304,0,0,0,0,0,0,0,20200221,20200609
305,0,0,0,0,0,0,0,20200221,20200816
306,0,0,0,0,0,0,0,20200221,20200816
307,0,0,0,0,0,0,0,20200221,20200305
308,0,0,0,0,0,0,0,20200222,20201212
309,0,0,0,0,0,0,0,20200221,20201211
310,0,0,0,0,0,0,0,20200221,20201211
311,0,0,0,0,0,0,0,20200223,20201206
312,0,0,0,0,0,0,0,20200221,20201212
313,0,0,0,0,0,0,0,20200221,20201212
314,0,0,0,0,0,0,0,20200223,20201206
315,0,0,0,0,0,0,0,20200224,20201210
316,0,0,0,0,0,0,0,20200222,20201212
317,0,0,0,0,0,0,0,20200302,20201210
318,0,0,0,0,0,0,0,20200822,20201212
319,0,0,0,0,0,0,0,20200222,20200816
320,0,0,0,0,0,0,0,20200221,20200609
321,0,0,0,0,0,0,0,20200223,20201210
322,0,0,0,0,0,0,0,20200221,20201212
323,0,0,0,0,0,0,0,20200221,20201212
324,0,0,0,0,0,0,0,20200301,20200617
325,0,0,0,0,0,0,0,20200221,20200814
326,0,0,0,0,0,0,0,20200221,20200815
327,0,0,0,0,0,0,0,20200229,20200613
328,0,0,0,0,0,0,0,20200306,20200620
329,0,0,0,0,0,0,0,20200223,20200816
330,0,0,0,0,0,0,0,20200221,20200815
331,0,0,0,0,0,0,0,20200221,20201211
332,0,0,0,0,0,0,0,20200223,20200517
333,0,0,0,0,0,0,0,20200414,20200416
334,0,0,0,0,0,0,0,20200503,20200503
335,0,0,0,0,0,0,0,20200503,20200507
336,0,0,0,0,0,0,0,20200509,20200510
337,0,0,0,0,0,0,0,20200223,20200816
338,0,0,0,0,0,0,0,20200221,20200814
339,0,0,0,0,0,0,0,20200221,20200609
340,0,0,0,0,0,0,0,20200229,20200617
341,0,0,0,0,0,0,0,20200221,20200228
342,0,0,0,0,0,0,0,20200223,20201206
343,0,0,0,0,0,0,0,20200222,20201212
344,0,0,0,0,0,0,0,20200223,20200517
345,0,0,0,0,0,0,0,20200221,20201211
346,0,0,0,0,0,0,0,20200224,20201030
347,0,0,0,0,0,0,0,20200221,20201211
348,0,0,0,0,0,0,0,20200221,20201211
349,0,0,0,0,0,0,0,20200223,20201210
350,0,0,0,0,0,0,0,20200221,20201212
351,0,0,0,0,0,0,0,20200222,20201212
352,0,0,0,0,0,0,0,20200522,20200611
353,0,0,0,0,0,0,0,20200419,20201025
354,0,0,0,0,0,0,0,20200501,20200606
355,0,0,0,0,0,0,0,20200222,20200413
356,0,0,0,0,0,0,0,20200221,20200416
357,0,0,0,0,0,0,0,20200221,20200416
358,0,0,0,0,0,0,0,20200221,20200416
359,0,0,0,0,0,0,0,20200223,20201212
360,0,0,0,0,0,0,0,20200307,20200614
361,0,0,0,0,0,0,0,20200308,20200614
362,0,0,0,0,0,0,0,20200306,20200618
363,0,0,0,0,0,0,0,20200306,20200618
364,0,0,0,0,0,0,0,20200306,20200617
365,0,0,0,0,0,0,0,20200307,20200613
366,0,0,0,0,0,0,0,20200409,20200618
367,0,0,0,0,0,0,0,20200221,20200405
368,0,0,0,0,0,0,0,20200222,20200405
369,0,0,0,0,0,0,0,20200222,20200229
370,0,0,0,0,0,0,0,20200223,20200405
371,0,0,0,0,0,0,0,20200223,20200301
372,0,0,0,0,0,0,0,20200221,20200223
373,0,0,0,0,0,0,0,20200221,20200221
374,0,0,0,0,0,0,0,20200221,20200222
375,0,0,0,0,0,0,0,20200222,20200223
376,0,0,0,0,0,0,0,20200224,20200416
377,0,0,0,0,0,0,0,20200224,20200416
378,0,0,0,0,0,0,0,20200224,20200416
379,0,0,0,0,0,0,0,20200229,20200413
380,0,0,0,0,0,0,0,20200221,20200814
381,0,0,0,0,0,0,0,20200223,20200614
382,0,0,0,0,0,0,0,20200221,20200617
383,0,0,0,0,0,0,0,20200221,20200618
384,0,0,0,0,0,0,0,20200221,20201211
385,0,0,0,0,0,0,0,20200414,20200609
386,0,0,0,0,0,0,0,20200622,20200814
387,0,0,0,0,0,0,0,20200222,20201212
388,0,0,0,0,0,0,0,20200222,20201212
389,0,0,0,0,0,0,0,20200619,20201211
390,0,0,0,0,0,0,0,20200424,20200424
391,0,0,0,0,0,0,0,20200223,20200816
392,0,0,0,0,0,0,0,20200221,20200816
393,0,0,0,0,0,0,0,20200221,20200816
394,0,0,0,0,0,0,0,20200405,20200816
395,0,0,0,0,0,0,0,20200221,20200814
396,0,0,0,0,0,0,0,20200221,20200617
397,0,0,0,0,0,0,0,20200221,20200618
398,0,0,0,0,0,0,0,20200221,20200816
399,0,0,0,0,0,0,0,20200221,20200618
400,0,0,0,0,0,0,0,20200221,20200814
401,0,0,0,0,0,0,0,20200221,20200617
402,0,0,0,0,0,0,0,20200222,20200816
403,0,0,0,0,0,0,0,20200222,20200613
404,0,0,0,0,0,0,0,20200222,20200816
405,0,0,0,0,0,0,0,20200222,20200816
406,0,0,0,0,0,0,0,20200405,20200816
407,0,0,0,0,0,0,0,20200222,20200816
408,0,0,0,0,0,0,0,20200222,20200816
409,0,0,0,0,0,0,0,20200221,20200618
410,0,0,0,0,0,0,0,20200221,20200618
411,0,0,0,0,0,0,0,20200513,20200513
412,0,0,0,0,0,0,0,20200222,20200614
413,0,0,0,0,0,0,0,20200222,20200614
414,0,0,0,0,0,0,0,20200223,20200816
415,0,0,0,0,0,0,0,20200223,20200816
416,0,0,0,0,0,0,0,20200223,20200816
417,0,0,0,0,0,0,0,20200221,20200617
418,0,0,0,0,0,0,0,20200405,20200509
419,0,0,0,0,0,0,0,20200405,20200513
420,0,0,0,0,0,0,0,20200509,20200509
421,0,0,0,0,0,0,0,20200222,20200816
422,0,0,0,0,0,0,0,20200222,20200816
423,0,0,0,0,0,0,0,20200222,20200816
424,0,0,0,0,0,0,0,20200222,20200816
425,0,0,0,0,0,0,0,20200223,20200816
426,0,0,0,0,0,0,0,20200222,20200614
427,0,0,0,0,0,0,0,20200221,20200618
428,0,0,0,0,0,0,0,20200223,20201206
429,0,0,0,0,0,0,0,20200222,20200815
430,0,0,0,0,0,0,0,20200221,20200816
431,0,0,0,0,0,0,0,20200222,20200815
432,0,0,0,0,0,0,0,20200409,20200814
433,0,0,0,0,0,0,0,20200410,20201212
434,0,0,0,0,0,0,0,20200221,20200815
435,0,0,0,0,0,0,0,20200221,20201211
436,0,0,0,0,0,0,0,20200221,20201211
437,0,0,0,0,0,0,0,20200224,20200408
438,0,0,0,0,0,0,0,20200224,20201030
439,0,0,0,0,0,0,0,20200224,20201030
440,0,0,0,0,0,0,0,20200411,20201212
441,0,0,0,0,0,0,0,20200221,20201211
442,0,0,0,0,0,0,0,20200221,20201211
443,0,0,0,0,0,0,0,20200414,20201023
444,0,0,0,0,0,0,0,20200222,20201212
445,0,0,0,0,0,0,0,20200411,20200613
446,0,0,0,0,0,0,0,20200221,20200618
447,0,0,0,0,0,0,0,20200221,20200814
448,0,0,0,0,0,0,0,20200221,20200814
449,0,0,0,0,0,0,0,20200618,20200814
450,0,0,0,0,0,0,0,20200221,20200617
451,0,0,0,0,0,0,0,20200306,20200617
452,0,0,0,0,0,0,0,20200306,20200618
453,0,0,0,0,0,0,0,20200622,20201211
454,0,0,0,0,0,0,0,20200223,20201206
455,0,0,0,0,0,0,0,20200414,20200818
456,0,0,0,0,0,0,0,20200414,20200818
457,0,0,0,0,0,0,0,20200420,20200612
458,0,0,0,0,0,0,0,20200221,20201211
459,0,0,0,0,0,0,0,20200224,20201030
460,0,0,0,0,0,0,0,20200221,20201211
461,0,0,0,0,0,0,0,20200410,20200614
462,0,0,0,0,0,0,0,20200223,20201206
463,0,0,0,0,0,0,0,20200410,20200816
464,0,0,0,0,0,0,0,20200222,20200614
465,0,0,0,0,0,0,0,20200221,20200618
466,0,0,0,0,0,0,0,20200224,20200305
467,0,0,0,0,0,0,0,20200229,20200405
468,0,0,0,0,0,0,0,20200229,20200301
469,0,0,0,0,0,0,0,20200222,20200614
470,0,0,0,0,0,0,0,20200222,20200614
471,0,0,0,0,0,0,0,20200817,20201212
472,0,0,0,0,0,0,0,20200221,20200618
473,0,0,0,0,0,0,0,20200221,20200618
474,0,0,0,0,0,0,0,20200222,20201212
475,0,0,0,0,0,0,0,20200221,20201212
476,0,0,0,0,0,0,0,20200522,20200609
477,0,0,0,0,0,0,0,20200221,20201212
478,0,0,0,0,0,0,0,20200221,20201211
479,0,0,0,0,0,0,0,20200221,20201211
480,0,0,0,0,0,0,0,20200221,20201212
481,0,0,0,0,0,0,0,20200418,20201025
482,0,0,0,0,0,0,0,20200222,20201212
483,0,0,0,0,0,0,0,20200610,20200611
484,0,0,0,0,0,0,0,20200418,20201025
485,0,0,0,0,0,0,0,20200302,20200403
486,0,0,0,0,0,0,0,20200224,20200228
487,0,0,0,0,0,0,0,20200222,20201212
488,0,0,0,0,0,0,0,20200221,20201211
489,0,0,0,0,0,0,0,20200225,20201208
490,0,0,0,0,0,0,0,20200221,20201211
491,0,0,0,0,0,0,0,20200226,20201209
492,0,0,0,0,0,0,0,20200410,20201212
493,0,0,0,0,0,0,0,20200222,20201212
494,0,0,0,0,0,0,0,20200522,20200605
495,0,0,0,0,0,0,0,20200501,20200606
496,0,0,0,0,0,0,0,20200221,20200403
497,0,0,0,0,0,0,0,20200221,20200403
498,0,0,0,0,0,0,0,20200406,20201211
499,0,0,0,0,0,0,0,20200409,20201211
500,0,0,0,0,0,0,0,20200223,20200816
501,0,0,0,0,0,0,0,20200221,20200815
502,0,0,0,0,0,0,0,20200221,20200815
503,0,0,0,0,0,0,0,20200221,20201211
504,0,0,0,0,0,0,0,20200221,20201212
505,0,0,0,0,0,0,0,20200221,20201211
506,0,0,0,0,0,0,0,20200222,20201212
507,0,0,0,0,0,0,0,20200221,20201211
508,0,0,0,0,0,0,0,20200222,20201212
509,0,0,0,0,0,0,0,20200223,20201206
510,0,0,0,0,0,0,0,20200222,20200419
511,0,0,0,0,0,0,0,20200221,20200424
512,0,0,0,0,0,0,0,20200224,20200816
513,0,0,0,0,0,0,0,20200223,20200816
514,0,0,0,0,0,0,0,20200221,20200815
515,0,0,0,0,0,0,0,20200222,20201212
516,0,0,0,0,0,0,0,20200221,20200619
517,0,0,0,0,0,0,0,20200224,20200618
518,0,0,0,0,0,0,0,20200221,20200619
519,0,0,0,0,0,0,0,20200221,20200815
520,0,0,0,0,0,0,0,20200222,20200815
521,0,0,0,0,0,0,0,20200221,20200815
522,0,0,0,0,0,0,0,20200221,20200612
523,0,0,0,0,0,0,0,20200222,20200618
524,0,0,0,0,0,0,0,20200221,20200605
525,0,0,0,0,0,0,0,20200228,20200612
526,0,0,0,0,0,0,0,20200223,20200816
527,0,0,0,0,0,0,0,20200221,20200815
528,0,0,0,0,0,0,0,20200221,20200815
529,0,0,0,0,0,0,0,20200222,20200815
530,0,0,0,0,0,0,0,20200228,20200228
531,0,0,0,0,0,0,0,20200221,20201211
532,0,0,0,0,0,0,0,20200222,20201212
533,0,0,0,0,0,0,0,20200302,20201210
534,0,0,0,0,0,0,0,20200224,20200814
535,0,0,0,0,0,0,0,20200224,20200617
536,0,0,0,0,0,0,0,20200224,20200617
537,0,0,0,0,0,0,0,20200302,20200618
538,0,0,0,0,0,0,0,20200221,20200609
539,0,0,0,0,0,0,0,20200221,20200617
540,0,0,0,0,0,0,0,20200221,20200609
541,0,0,0,0,0,0,0,20200302,20200609
542,0,0,0,0,0,0,0,20200224,20200617
543,0,0,0,0,0,0,0,20200224,20200617
544,0,0,0,0,0,0,0,20200221,20200617
545,0,0,0,0,0,0,0,20200221,20200529
546,0,0,0,0,0,0,0,20200221,20200529
547,0,0,0,0,0,0,0,20200409,20200522
548,0,0,0,0,0,0,0,20200706,20200807
549,0,0,0,0,0,0,0,20200224,20200617
550,0,0,0,0,0,0,0,20200222,20200614
551,0,0,0,0,0,0,0,20200409,20201211
552,0,0,0,0,0,0,0,20200221,20200618
553,0,0,0,0,0,0,0,20200224,20200617
554,0,0,0,0,0,0,0,20200221,20200618
555,0,0,0,0,0,0,0,20200302,20200609
556,0,0,0,0,0,0,0,20200224,20200617
557,0,0,0,0,0,0,0,20200228,20200612
558,0,0,0,0,0,0,0,20200221,20200815
559,0,0,0,0,0,0,0,20200224,20200408
560,0,0,0,0,0,0,0,20200224,20200408
561,0,0,0,0,0,0,0,20200414,20200617
562,0,0,0,0,0,0,0,20200227,20200402
563,0,0,0,0,0,0,0,20200416,20200611
564,0,0,0,0,0,0,0,20200409,20200618
565,0,0,0,0,0,0,0,20200509,20200613
566,0,0,0,0,0,0,0,20200409,20200618
567,0,0,0,0,0,0,0,20200420,20200615
568,0,0,0,0,0,0,0,20200510,20200614
569,0,0,0,0,0,0,0,20200221,20200814
570,0,0,0,0,0,0,0,20200224,20200813
571,0,0,0,0,0,0,0,20200221,20201211
572,0,0,0,0,0,0,0,20200221,20200408
573,0,0,0,0,0,0,0,20200409,20200618
574,0,0,0,0,0,0,0,20200415,20200617
575,0,0,0,0,0,0,0,20200514,20200611
576,0,0,0,0,0,0,0,20200409,20200618
577,0,0,0,0,0,0,0,20200409,20200618
578,0,0,0,0,0,0,0,20200221,20200618
579,0,0,0,0,0,0,0,20200223,20201206
580,0,0,0,0,0,0,0,20200224,20201030
581,0,0,0,0,0,0,0,20200409,20200618
582,0,0,0,0,0,0,0,20200409,20200618
583,0,0,0,0,0,0,0,20200224,20200408
584,0,0,0,0,0,0,0,20200224,20200406
585,0,0,0,0,0,0,0,20200221,20200408
586,0,0,0,0,0,0,0,20200225,20200407
587,0,0,0,0,0,0,0,20200224,20200406
588,0,0,0,0,0,0,0,20200414,20200617
589,0,0,0,0,0,0,0,20200221,20200617
590,0,0,0,0,0,0,0,20200221,20200408
591,0,0,0,0,0,0,0,20200225,20200407
592,0,0,0,0,0,0,0,20200414,20200616
593,0,0,0,0,0,0,0,20200410,20201025
594,0,0,0,0,0,0,0,20200221,20200228
595,0,0,0,0,0,0,0,20200415,20200617
596,0,0,0,0,0,0,0,20200413,20200614
597,0,0,0,0,0,0,0,20200410,20200412
598,0,0,0,0,0,0,0,20200511,20200615
599,0,0,0,0,0,0,0,20200222,20200814
600,0,0,0,0,0,0,0,20200222,20200816
601,0,0,0,0,0,0,0,20200415,20200617
602,0,0,0,0,0,0,0,20200222,20200816
603,0,0,0,0,0,0,0,20200223,20200815
604,0,0,0,0,0,0,0,20200221,20200814
605,0,0,0,0,0,0,0,20200410,20201031
606,0,0,0,0,0,0,0,20200222,20201212
607,0,0,0,0,0,0,0,20200222,20201212
608,0,0,0,0,0,0,0,20200221,20201211
609,0,0,0,0,0,0,0,20200224,20201030
610,0,0,0,0,0,0,0,20200221,20200618
611,0,0,0,0,0,0,0,20200509,20200614
612,0,0,0,0,0,0,0,20200222,20200815
613,0,0,0,0,0,0,0,20200221,20200403
614,0,0,0,0,0,0,0,20200414,20201211
615,0,0,0,0,0,0,0,20200221,20201211
616,0,0,0,0,0,0,0,20200224,20201030
617,0,0,0,0,0,0,0,20200605,20200609
618,0,0,0,0,0,0,0,20200406,20201211
619,0,0,0,0,0,0,0,20200619,20201212
620,0,0,0,0,0,0,0,20200226,20200408
621,0,0,0,0,0,0,0,20200309,20200618
622,0,0,0,0,0,0,0,20200224,20201210
623,0,0,0,0,0,0,0,20200222,20201212
624,0,0,0,0,0,0,0,20200409,20200618
625,0,0,0,0,0,0,0,20200414,20201211
626,0,0,0,0,0,0,0,20200414,20201211
627,0,0,0,0,0,0,0,20200221,20200818
628,0,0,0,0,0,0,0,20200221,20200618
629,0,0,0,0,0,0,0,20200221,20200407
630,0,0,0,0,0,0,0,20200409,20200618
631,0,0,0,0,0,0,0,20200223,20200816
632,0,0,0,0,0,0,0,20200221,20200816
633,0,0,0,0,0,0,0,20200223,20200614
634,0,0,0,0,0,0,0,20200222,20200815
635,0,0,0,0,0,0,0,20200222,20200816
636,0,0,0,0,0,0,0,20200222,20200614
637,0,0,0,0,0,0,0,20200222,20200614
638,0,0,0,0,0,0,0,20200221,20200814
639,0,0,0,0,0,0,0,20200223,20200814
640,0,0,0,0,0,0,0,20200221,20201211
641,0,0,0,0,0,0,0,20200222,20201206
642,0,0,0,0,0,0,0,20200620,20200816
643,0,0,0,0,0,0,0,20200409,20200618
644,0,0,0,0,0,0,0,20200414,20200617
645,0,0,0,0,0,0,0,20200414,20200616
646,0,0,0,0,0,0,0,20200409,20200618
647,0,0,0,0,0,0,0,20200222,20201212
648,0,0,0,0,0,0,0,20200221,20200816
649,0,0,0,0,0,0,0,20200222,20200617
650,0,0,0,0,0,0,0,20200221,20200618
651,0,0,0,0,0,0,0,20200411,20201212
652,0,0,0,0,0,0,0,20200223,20200614
653,0,0,0,0,0,0,0,20200222,20200614
654,0,0,0,0,0,0,0,20200221,20200618
655,0,0,0,0,0,0,0,20200221,20200619
656,0,0,0,0,0,0,0,20200224,20200618
657,0,0,0,0,0,0,0,20200511,20200617
658,0,0,0,0,0,0,0,20200223,20201206
659,0,0,0,0,0,0,0,20200221,20200816
660,0,0,0,0,0,0,0,20200221,20200609
661,0,0,0,0,0,0,0,20200221,20200611
662,0,0,0,0,0,0,0,20200222,20201212
663,0,0,0,0,0,0,0,20200225,20200408
664,0,0,0,0,0,0,0,20200221,20200618
665,0,0,0,0,0,0,0,20200221,20200618
666,0,0,0,0,0,0,0,20200224,20200618
667,0,0,0,0,0,0,0,20200221,20200618
668,0,0,0,0,0,0,0,20200221,20200618
669,0,0,0,0,0,0,0,20200224,20200618
670,0,0,0,0,0,0,0,20200221,20200618
671,0,0,0,0,0,0,0,20200228,20200409
672,0,0,0,0,0,0,0,20200221,20200612
673,0,0,0,0,0,0,0,20200224,20200408
674,0,0,0,0,0,0,0,20200221,20200617
675,0,0,0,0,0,0,0,20200302,20200618
676,0,0,0,0,0,0,0,20200221,20200612
677,0,0,0,0,0,0,0,20200302,20200611
678,0,0,0,0,0,0,0,20200221,20200618
679,0,0,0,0,0,0,0,20200221,20200612
680,0,0,0,0,0,0,0,20200221,20200618
681,0,0,0,0,0,0,0,20200522,20200617
682,0,0,0,0,0,0,0,20200224,20200522
683,0,0,0,0,0,0,0,20200224,20200618
684,0,0,0,0,0,0,0,20200228,20200618
685,0,0,0,0,0,0,0,20200221,20200618
686,0,0,0,0,0,0,0,20200221,20200612
687,0,0,0,0,0,0,0,20200221,20200617
688,0,0,0,0,0,0,0,20200221,20200618
689,0,0,0,0,0,0,0,20200228,20200611
690,0,0,0,0,0,0,0,20200224,20200618
691,0,0,0,0,0,0,0,20200228,20200522
692,0,0,0,0,0,0,0,20200221,20200618
693,0,0,0,0,0,0,0,20200221,20200306
694,0,0,0,0,0,0,0,20200410,20201212
695,0,0,0,0,0,0,0,20200221,20200409
696,0,0,0,0,0,0,0,20200420,20201211
697,0,0,0,0,0,0,0,20200414,20201030
698,0,0,0,0,0,0,0,20200221,20200617
699,0,0,0,0,0,0,0,20200221,20201212
700,0,0,0,0,0,0,0,20200221,20201212
701,0,0,0,0,0,0,0,20200222,20201212
702,0,0,0,0,0,0,0,20200221,20201211
703,0,0,0,0,0,0,0,20200222,20201212
704,0,0,0,0,0,0,0,20200223,20201210
705,0,0,0,0,0,0,0,20200223,20201210
706,0,0,0,0,0,0,0,20200223,20201206
707,0,0,0,0,0,0,0,20200223,20201206
708,0,0,0,0,0,0,0,20200222,20201212
709,0,0,0,0,0,0,0,20200221,20201211
710,0,0,0,0,0,0,0,20200224,20201210
711,0,0,0,0,0,0,0,20200410,20200814
712,0,0,0,0,0,0,0,20200330,20200816
713,0,0,0,0,0,0,0,20200521,20200814
714,0,0,0,0,0,0,0,20200221,20201211
715,0,0,0,0,0,0,0,20200221,20201211
716,0,0,0,0,0,0,0,20200224,20201210
717,0,0,0,0,0,0,0,20200221,20201211
718,0,0,0,0,0,0,0,20200223,20201206
719,0,0,0,0,0,0,0,20200221,20201211
720,0,0,0,0,0,0,0,20200221,20201212
721,0,0,0,0,0,0,0,20200223,20201206
722,0,0,0,0,0,0,0,20200222,20201212
723,0,0,0,0,0,0,0,20200221,20201211
724,0,0,0,0,0,0,0,20200222,20201212
725,0,0,0,0,0,0,0,20200221,20201211
726,0,0,0,0,0,0,0,20200223,20201206
727,0,0,0,0,0,0,0,20200221,20201211
728,0,0,0,0,0,0,0,20200221,20201212
729,0,0,0,0,0,0,0,20200621,20200816
730,0,0,0,0,0,0,0,20200414,20200414
731,0,0,0,0,0,0,0,20200221,20200617
732,0,0,0,0,0,0,0,20200221,20200618
733,0,0,0,0,0,0,0,20200619,20200816
734,0,0,0,0,0,0,0,20200221,20200617
735,0,0,0,0,0,0,0,20200406,20200618
736,0,0,0,0,0,0,0,20200221,20200617
737,0,0,0,0,0,0,0,20200227,20200611
738,0,0,0,0,0,0,0,20200221,20200618
739,0,0,0,0,0,0,0,20200224,20200616
740,0,0,0,0,0,0,0,20200221,20200618
741,0,0,0,0,0,0,0,20200406,20200618
742,0,0,0,0,0,0,0,20200223,20200329
743,0,0,0,0,0,0,0,20200223,20200614
744,0,0,0,0,0,0,0,20200223,20200614
745,0,0,0,0,0,0,0,20200221,20200618
746,0,0,0,0,0,0,0,20200221,20200618
747,0,0,0,0,0,0,0,20200221,20200618
748,0,0,0,0,0,0,0,20200222,20200613
749,0,0,0,0,0,0,0,20200425,20200613
750,0,0,0,0,0,0,0,20200406,20200618
751,0,0,0,0,0,0,0,20200415,20200417
752,0,0,0,0,0,0,0,20200221,20200417
753,0,0,0,0,0,0,0,20200405,20200614
754,0,0,0,0,0,0,0,20200221,20200618
755,0,0,0,0,0,0,0,20200221,20200619
756,0,0,0,0,0,0,0,20200619,20201211
757,0,0,0,0,0,0,0,20200620,20201212
758,0,0,0,0,0,0,0,20200417,20200618
759,0,0,0,0,0,0,0,20200221,20200614
760,0,0,0,0,0,0,0,20200221,20200613
761,0,0,0,0,0,0,0,20200222,20200614
762,0,0,0,0,0,0,0,20200221,20200618
763,0,0,0,0,0,0,0,20200221,20200614
764,0,0,0,0,0,0,0,20200221,20200614
765,0,0,0,0,0,0,0,20200221,20200618
766,0,0,0,0,0,0,0,20200221,20200618
767,0,0,0,0,0,0,0,20200221,20200618
768,0,0,0,0,0,0,0,20200224,20200618
769,0,0,0,0,0,0,0,20200221,20200618
770,0,0,0,0,0,0,0,20200221,20200618
771,0,0,0,0,0,0,0,20200406,20200617
772,0,0,0,0,0,0,0,20200418,20200613
773,0,0,0,0,0,0,0,20200501,20200501
774,0,0,0,0,0,0,0,20200221,20200618
775,0,0,0,0,0,0,0,20200420,20200618
776,0,0,0,0,0,0,0,20200420,20200618
777,0,0,0,0,0,0,0,20200424,20200618
778,0,0,0,0,0,0,0,20200426,20200614
779,0,0,0,0,0,0,0,20200420,20200618
780,0,0,0,0,0,0,0,20200221,20200618
781,0,0,0,0,0,0,0,20200415,20200418
782,0,0,0,0,0,0,0,20200221,20200409
783,0,0,0,0,0,0,0,20200221,20200404
784,0,0,0,0,0,0,0,20200221,20200419
785,0,0,0,0,0,0,0,20200221,20200408
786,0,0,0,0,0,0,0,20200221,20200419
787,0,0,0,0,0,0,0,20200223,20200419
788,0,0,0,0,0,0,0,20200223,20200419
789,0,0,0,0,0,0,0,20200221,20200408
790,0,0,0,0,0,0,0,20200405,20200419
791,0,0,0,0,0,0,0,20200406,20200409
792,0,0,0,0,0,0,0,20200409,20200409
793,0,0,0,0,0,0,0,20200406,20200617
794,0,0,0,0,0,0,0,20200417,20200417
795,0,0,0,0,0,0,0,20200420,20200617
796,0,0,0,0,0,0,0,20200424,20200618
797,0,0,0,0,0,0,0,20200621,20200816
798,0,0,0,0,0,0,0,20200420,20200618
799,0,0,0,0,0,0,0,20200424,20200618
800,0,0,0,0,0,0,0,20200424,20200618
801,0,0,0,0,0,0,0,20200425,20200614
802,0,0,0,0,0,0,0,20200417,20200418
803,0,0,0,0,0,0,0,20200222,20200419
804,0,0,0,0,0,0,0,20200221,20200419
805,0,0,0,0,0,0,0,20200223,20200419
806,0,0,0,0,0,0,0,20200222,20200419
807,0,0,0,0,0,0,0,20200222,20200409
808,0,0,0,0,0,0,0,20200415,20200416
809,0,0,0,0,0,0,0,20200414,20200616
810,0,0,0,0,0,0,0,20200221,20200618
811,0,0,0,0,0,0,0,20200414,20201211
812,0,0,0,0,0,0,0,20200411,20201212
813,0,0,0,0,0,0,0,20200822,20201212
814,0,0,0,0,0,0,0,20200410,20201206
815,0,0,0,0,0,0,0,20200414,20201210
816,0,0,0,0,0,0,0,20200417,20201212
817,0,0,0,0,0,0,0,20200223,20200413
818,0,0,0,0,0,0,0,20200221,20200412
819,0,0,0,0,0,0,0,20200619,20201211
820,0,0,0,0,0,0,0,20200222,20201212
821,0,0,0,0,0,0,0,20200221,20200618
822,0,0,0,0,0,0,0,20200221,20200612
823,0,0,0,0,0,0,0,20200224,20200617
824,0,0,0,0,0,0,0,20200224,20200618
825,0,0,0,0,0,0,0,20200221,20200612
826,0,0,0,0,0,0,0,20200224,20200617
827,0,0,0,0,0,0,0,20200221,20200618
828,0,0,0,0,0,0,0,20200221,20200618
829,0,0,0,0,0,0,0,20201026,20201030
830,0,0,0,0,0,0,0,20200224,20200618
831,0,0,0,0,0,0,0,20200221,20200618
832,0,0,0,0,0,0,0,20200221,20200612
833,0,0,0,0,0,0,0,20200221,20200617
834,0,0,0,0,0,0,0,20200228,20200617
835,0,0,0,0,0,0,0,20200221,20200617
836,0,0,0,0,0,0,0,20200224,20200617
837,0,0,0,0,0,0,0,20200221,20200618
838,0,0,0,0,0,0,0,20200221,20200618
839,0,0,0,0,0,0,0,20200224,20200611
840,0,0,0,0,0,0,0,20200302,20200618
841,0,0,0,0,0,0,0,20200221,20200618
842,0,0,0,0,0,0,0,20200221,20200618
843,0,0,0,0,0,0,0,20200224,20200522
844,0,0,0,0,0,0,0,20200224,20200409
845,0,0,0,0,0,0,0,20200221,20200612
846,0,0,0,0,0,0,0,20200221,20200612
847,0,0,0,0,0,0,0,20200228,20200618
848,0,0,0,0,0,0,0,20200224,20201209
849,0,0,0,0,0,0,0,20200222,20201212
850,0,0,0,0,0,0,0,20200221,20201212
851,0,0,0,0,0,0,0,20200221,20201211
852,0,0,0,0,0,0,0,20200406,20200816
853,0,0,0,0,0,0,0,20200823,20201206
854,0,0,0,0,0,0,0,20200222,20201212
855,0,0,0,0,0,0,0,20200409,20200815
856,0,0,0,0,0,0,0,20200410,20200816
857,0,0,0,0,0,0,0,20200224,20201211
858,0,0,0,0,0,0,0,20200221,20201212
859,0,0,0,0,0,0,0,20200222,20201212
860,0,0,0,0,0,0,0,20200222,20201212
861,0,0,0,0,0,0,0,20200223,20201206
862,0,0,0,0,0,0,0,20200406,20200618
863,0,0,0,0,0,0,0,20200224,20200617
864,0,0,0,0,0,0,0,20200223,20201213
865,0,0,0,0,0,0,0,20200222,20201213
866,0,0,0,0,0,0,0,20200223,20201213
867,0,0,0,0,0,0,0,20200221,20201211
868,0,0,0,0,0,0,0,20200223,20201206
869,0,0,0,0,0,0,0,20200222,20201212
870,0,0,0,0,0,0,0,20200223,20201210
871,0,0,0,0,0,0,0,20200406,20200617
872,0,0,0,0,0,0,0,20200224,20200405
873,0,0,0,0,0,0,0,20200406,20200617
874,0,0,0,0,0,0,0,20200221,20201030
875,0,0,0,0,0,0,0,20200302,20201211
876,0,0,0,0,0,0,0,20200223,20201210
877,0,0,0,0,0,0,0,20200223,20201213
878,0,0,0,0,0,0,0,20200410,20200814
879,0,0,0,0,0,0,0,20200223,20201210
880,0,0,0,0,0,0,0,20200223,20201210
881,0,0,0,0,0,0,0,20200223,20200617
882,0,0,0,0,0,0,0,20200301,20200405
883,0,0,0,0,0,0,0,20200620,20201212
884,0,0,0,0,0,0,0,20200223,20201206
885,0,0,0,0,0,0,0,20200223,20201212
886,0,0,0,0,0,0,0,20200223,20201212
887,0,0,0,0,0,0,0,20200223,20201212
888,0,0,0,0,0,0,0,20200621,20201206
889,0,0,0,0,0,0,0,20200619,20201212
890,0,0,0,0,0,0,0,20200221,20201212
891,0,0,0,0,0,0,0,20200221,20201211
892,0,0,0,0,0,0,0,20200222,20200613
893,0,0,0,0,0,0,0,20200221,20200613
894,0,0,0,0,0,0,0,20200223,20201212
895,0,0,0,0,0,0,0,20200223,20201212
896,0,0,0,0,0,0,0,20200223,20201206
897,0,0,0,0,0,0,0,20200221,20201212
898,0,0,0,0,0,0,0,20200221,20200618
899,0,0,0,0,0,0,0,20200222,20200613
900,0,0,0,0,0,0,0,20200221,20200618
901,0,0,0,0,0,0,0,20200221,20200618
902,0,0,0,0,0,0,0,20200223,20201206
903,0,0,0,0,0,0,0,20200223,20201212
904,0,0,0,0,0,0,0,20200223,20201211
905,0,0,0,0,0,0,0,20200222,20200614
906,0,0,0,0,0,0,0,20200221,20200613
907,0,0,0,0,0,0,0,20200221,20200618
908,0,0,0,0,0,0,0,20200222,20200614
909,0,0,0,0,0,0,0,20200222,20200613
910,0,0,0,0,0,0,0,20200223,20200614
911,0,0,0,0,0,0,0,20200221,20201211
912,0,0,0,0,0,0,0,20200221,20200617
913,0,0,0,0,0,0,0,20200224,20200403
914,0,0,0,0,0,0,0,20200228,20200403
915,0,0,0,0,0,0,0,20200301,20200329
916,0,0,0,0,0,0,0,20200224,20200305
917,0,0,0,0,0,0,0,20200224,20200305
918,0,0,0,0,0,0,0,20200228,20200229
919,0,0,0,0,0,0,0,20200229,20200229
920,0,0,0,0,0,0,0,20200301,20200301
921,0,0,0,0,0,0,0,20200221,20200617
922,0,0,0,0,0,0,0,20200221,20200617
923,0,0,0,0,0,0,0,20200221,20200617
924,0,0,0,0,0,0,0,20200221,20200613
925,0,0,0,0,0,0,0,20200409,20200618
926,0,0,0,0,0,0,0,20200221,20200617
927,0,0,0,0,0,0,0,20200221,20200612
928,0,0,0,0,0,0,0,20200621,20201206
929,0,0,0,0,0,0,0,20200622,20201210
930,0,0,0,0,0,0,0,20200224,20200617
931,0,0,0,0,0,0,0,20200221,20201211
932,0,0,0,0,0,0,0,20200221,20200618
933,0,0,0,0,0,0,0,20200222,20200404
934,0,0,0,0,0,0,0,20200221,20200403
935,0,0,0,0,0,0,0,20200223,20200402
936,0,0,0,0,0,0,0,20200406,20200618
937,0,0,0,0,0,0,0,20200406,20200617
938,0,0,0,0,0,0,0,20200406,20200617
939,0,0,0,0,0,0,0,20200406,20200618
940,0,0,0,0,0,0,0,20200409,20200618
941,0,0,0,0,0,0,0,20200409,20200618
942,0,0,0,0,0,0,0,20200418,20200613
943,0,0,0,0,0,0,0,20200418,20200614
944,0,0,0,0,0,0,0,20200418,20200419
945,0,0,0,0,0,0,0,20200419,20200614
946,0,0,0,0,0,0,0,20200409,20200618
947,0,0,0,0,0,0,0,20200822,20201212
948,0,0,0,0,0,0,0,20200223,20201210
949,0,0,0,0,0,0,0,20200223,20200617
950,0,0,0,0,0,0,0,20200409,20200417
951,0,0,0,0,0,0,0,20200409,20200418
952,0,0,0,0,0,0,0,20200406,20200617
953,0,0,0,0,0,0,0,20200409,20200618
954,0,0,0,0,0,0,0,20200406,20200618
955,0,0,0,0,0,0,0,20200409,20200418
956,0,0,0,0,0,0,0,20200406,20200618
957,0,0,0,0,0,0,0,20200406,20200618
958,0,0,0,0,0,0,0,20200418,20200614
959,0,0,0,0,0,0,0,20200419,20200614
960,0,0,0,0,0,0,0,20200409,20200815
961,0,0,0,0,0,0,0,20200410,20200620
962,0,0,0,0,0,0,0,20200224,20201210
963,0,0,0,0,0,0,0,20200406,20200816
964,0,0,0,0,0,0,0,20200223,20201210
965,0,0,0,0,0,0,0,20200823,20201206
966,0,0,0,0,0,0,0,20200413,20200816
967,0,0,0,0,0,0,0,20200817,20201210
968,0,0,0,0,0,0,0,20200224,20201210
969,0,0,0,0,0,0,0,20200406,20200813
970,0,0,0,0,0,0,0,20200221,20200618
971,0,0,0,0,0,0,0,20200418,20201212
972,0,0,0,0,0,0,0,20200821,20201212
973,0,0,0,0,0,0,0,20200817,20201210
974,0,0,0,0,0,0,0,20200221,20200610
975,0,0,0,0,0,0,0,20200221,20200618
976,0,0,0,0,0,0,0,20200619,20201212
977,0,0,0,0,0,0,0,20200223,20200617
978,0,0,0,0,0,0,0,20200308,20200617
979,0,0,0,0,0,0,0,20200223,20200405
980,0,0,0,0,0,0,0,20200221,20200620
981,0,0,0,0,0,0,0,20200222,20200620
982,0,0,0,0,0,0,0,20200221,20200618
983,0,0,0,0,0,0,0,20200223,20200617
984,0,0,0,0,0,0,0,20200223,20200617
985,0,0,0,0,0,0,0,20200223,20200617
986,0,0,0,0,0,0,0,20200223,20200223
987,0,0,0,0,0,0,0,20200224,20200305
988,0,0,0,0,0,0,0,20200417,20201211
989,0,0,0,0,0,0,0,20200221,20201211
990,0,0,0,0,0,0,0,20200414,20201210
991,0,0,0,0,0,0,0,20200225,20201208
992,0,0,0,0,0,0,0,20200221,20201213
993,0,0,0,0,0,0,0,20200221,20201212
994,0,0,0,0,0,0,0,20200511,20200617
995,0,0,0,0,0,0,0,20200415,20200506
996,0,0,0,0,0,0,0,20200225,20200408
997,0,0,0,0,0,0,0,20200410,20200503
998,0,0,0,0,0,0,0,20200414,20200507
999,0,0,0,0,0,0,0,20200409,20200618
1000,0,0,0,0,0,0,0,20200409,20200618
1001,0,0,0,0,0,0,0,20200411,20200502
1002,0,0,0,0,0,0,0,20200221,20200403
1003,0,0,0,0,0,0,0,20200221,20200405
1004,0,0,0,0,0,0,0,20200221,20201211
1005,0,0,0,0,0,0,0,20200222,20201212
1006,0,0,0,0,0,0,0,20200406,20200814
1007,0,0,0,0,0,0,0,20200817,20201211
1008,0,0,0,0,0,0,0,20200302,20200402
1009,0,0,0,0,0,0,0,20200406,20200814
1010,0,0,0,0,0,0,0,20200406,20200816
1011,0,0,0,0,0,0,0,20200414,20200618
1012,0,0,0,0,0,0,0,20200221,20201211
1013,0,0,0,0,0,0,0,20200221,20201211
1014,0,0,0,0,0,0,0,20200221,20201210
1015,0,0,0,0,0,0,0,20200414,20201212
1016,0,0,0,0,0,0,0,20200221,20200413
1017,0,0,0,0,0,0,0,20200221,20200617
1018,0,0,0,0,0,0,0,20200406,20200816
1019,0,0,0,0,0,0,0,20200221,20200618
1020,0,0,0,0,0,0,0,20200221,20200618
1021,0,0,0,0,0,0,0,20200223,20201212
1022,0,0,0,0,0,0,0,20200414,20200616
1023,0,0,0,0,0,0,0,20200415,20200617
1024,0,0,0,0,0,0,0,20200306,20201211
1025,0,0,0,0,0,0,0,20200512,20200616
1026,0,0,0,0,0,0,0,20200414,20200507
1027,0,0,0,0,0,0,0,20200306,20200403
1028,0,0,0,0,0,0,0,20200309,20200402
1029,0,0,0,0,0,0,0,20200307,20200404
1030,0,0,0,0,0,0,0,20200307,20200404
1031,0,0,0,0,0,0,0,20200306,20200404
1032,0,0,0,0,0,0,0,20200308,20200329
1033,0,0,0,0,0,0,0,20200224,20200609
1034,0,0,0,0,0,0,0,20200224,20200814
1035,0,0,0,0,0,0,0,20200224,20200813
1036,0,0,0,0,0,0,0,20200224,20200816
1037,0,0,0,0,0,0,0,20200223,20200816
1038,0,0,0,0,0,0,0,20200224,20200816
1039,0,0,0,0,0,0,0,20200223,20200816
1040,0,0,0,0,0,0,0,20200223,20200816
1041,0,0,0,0,0,0,0,20200221,20200605
1042,0,0,0,0,0,0,0,20200221,20200815
1043,0,0,0,0,0,0,0,20200221,20200815
1044,0,0,0,0,0,0,0,20200221,20200815
1045,0,0,0,0,0,0,0,20200221,20200815
1046,0,0,0,0,0,0,0,20200221,20200815
1047,0,0,0,0,0,0,0,20200221,20200815
1048,0,0,0,0,0,0,0,20200222,20200815
1049,0,0,0,0,0,0,0,20200222,20200815
1050,0,0,0,0,0,0,0,20200222,20200815
1051,0,0,0,0,0,0,0,20200223,20200816
1052,0,0,0,0,0,0,0,20200223,20200816
1053,0,0,0,0,0,0,0,20200223,20200816
1054,0,0,0,0,0,0,0,20200223,20200816
1055,0,0,0,0,0,0,0,20200223,20200816
1056,0,0,0,0,0,0,0,20200224,20200813
1057,0,0,0,0,0,0,0,20200228,20200815
1058,0,0,0,0,0,0,0,20200410,20200816
1059,0,0,0,0,0,0,0,20200405,20200412
1060,0,0,0,0,0,0,0,20200302,20200305
1061,0,0,0,0,0,0,0,20200302,20200405
1062,0,0,0,0,0,0,0,20200221,20200228
1063,0,0,0,0,0,0,0,20200221,20200229
1064,0,0,0,0,0,0,0,20200222,20200229
1065,0,0,0,0,0,0,0,20200405,20200816
1066,0,0,0,0,0,0,0,20200710,20200807
1067,0,0,0,0,0,0,0,20200226,20200408
1068,0,0,0,0,0,0,0,20200221,20200605
1069,0,0,0,0,0,0,0,20200221,20200613
1070,0,0,0,0,0,0,0,20200221,20200605
1071,0,0,0,0,0,0,0,20200308,20200402
1072,0,0,0,0,0,0,0,20200223,20200614
1073,0,0,0,0,0,0,0,20200224,20200609
1074,0,0,0,0,0,0,0,20200223,20200614
1075,0,0,0,0,0,0,0,20200221,20200613
1076,0,0,0,0,0,0,0,20200221,20200613
1077,0,0,0,0,0,0,0,20200222,20200613
1078,0,0,0,0,0,0,0,20200222,20200613
1079,0,0,0,0,0,0,0,20200222,20200613
1080,0,0,0,0,0,0,0,20200223,20200614
1081,0,0,0,0,0,0,0,20200228,20200412
1082,0,0,0,0,0,0,0,20200223,20200405
1083,0,0,0,0,0,0,0,20200221,20200229
1084,0,0,0,0,0,0,0,20200222,20200405
1085,0,0,0,0,0,0,0,20200619,20200815
1086,0,0,0,0,0,0,0,20200222,20201212
1087,0,0,0,0,0,0,0,20200309,20200617
1088,0,0,0,0,0,0,0,20200306,20200618
1089,0,0,0,0,0,0,0,20200309,20200609
1090,0,0,0,0,0,0,0,20200406,20200617
1091,0,0,0,0,0,0,0,20200406,20200618
1092,0,0,0,0,0,0,0,20200306,20200605
1093,0,0,0,0,0,0,0,20200306,20200609
1094,0,0,0,0,0,0,0,20200309,20200618
1095,0,0,0,0,0,0,0,20200306,20200618
1096,0,0,0,0,0,0,0,20200308,20200614
1097,0,0,0,0,0,0,0,20200306,20200617
1098,0,0,0,0,0,0,0,20200221,20200618
1099,0,0,0,0,0,0,0,20200228,20200617
1100,0,0,0,0,0,0,0,20200221,20200609
1101,0,0,0,0,0,0,0,20200223,20200816
1102,0,0,0,0,0,0,0,20200221,20200816
1103,0,0,0,0,0,0,0,20200221,20200305
1104,0,0,0,0,0,0,0,20200224,20200305
1105,0,0,0,0,0,0,0,20200223,20200816
1106,0,0,0,0,0,0,0,20200228,20200618
1107,0,0,0,0,0,0,0,20200228,20200402
1108,0,0,0,0,0,0,0,20200221,20200814
1109,0,0,0,0,0,0,0,20200221,20200605
1110,0,0,0,0,0,0,0,20200223,20200816
1111,0,0,0,0,0,0,0,20200223,20200815
1112,0,0,0,0,0,0,0,20200223,20200816
1113,0,0,0,0,0,0,0,20200228,20200403
1114,0,0,0,0,0,0,0,20200221,20201212
1115,0,0,0,0,0,0,0,20200221,20200618
1116,0,0,0,0,0,0,0,20200228,20200403
1117,0,0,0,0,0,0,0,20200221,20200614
1118,0,0,0,0,0,0,0,20200221,20200614
1119,0,0,0,0,0,0,0,20200221,20200815
1120,0,0,0,0,0,0,0,20200221,20200815
1121,0,0,0,0,0,0,0,20200221,20200614
1122,0,0,0,0,0,0,0,20200221,20200815
1123,0,0,0,0,0,0,0,20200221,20200614
1124,0,0,0,0,0,0,0,20200222,20200807
1125,0,0,0,0,0,0,0,20200221,20200405
1126,0,0,0,0,0,0,0,20200222,20200614
1127,0,0,0,0,0,0,0,20200222,20200613
1128,0,0,0,0,0,0,0,20200229,20200404
1129,0,0,0,0,0,0,0,20200229,20200405
1130,0,0,0,0,0,0,0,20200221,20200618
1131,0,0,0,0,0,0,0,20200221,20200619
1132,0,0,0,0,0,0,0,20200224,20200617
1133,0,0,0,0,0,0,0,20200224,20200618
1134,0,0,0,0,0,0,0,20200221,20200605
1135,0,0,0,0,0,0,0,20200224,20200618
1136,0,0,0,0,0,0,0,20200221,20200618
1137,0,0,0,0,0,0,0,20200224,20200618
1138,0,0,0,0,0,0,0,20200221,20200613
1139,0,0,0,0,0,0,0,20200221,20200618
1140,0,0,0,0,0,0,0,20200221,20200816
1141,0,0,0,0,0,0,0,20200221,20200815
1142,0,0,0,0,0,0,0,20200223,20200816
1143,0,0,0,0,0,0,0,20200221,20200815
1144,0,0,0,0,0,0,0,20200221,20200814
1145,0,0,0,0,0,0,0,20200222,20200815
1146,0,0,0,0,0,0,0,20200224,20200815
1147,0,0,0,0,0,0,0,20200221,20200816
1148,0,0,0,0,0,0,0,20200223,20200816
1149,0,0,0,0,0,0,0,20200228,20200609
1150,0,0,0,0,0,0,0,20200222,20200814
1151,0,0,0,0,0,0,0,20200222,20200807
1152,0,0,0,0,0,0,0,20200221,20200609
1153,0,0,0,0,0,0,0,20200223,20200814
1154,0,0,0,0,0,0,0,20200302,20200618
1155,0,0,0,0,0,0,0,20200221,20200618
1156,0,0,0,0,0,0,0,20200221,20200617
1157,0,0,0,0,0,0,0,20200221,20200617
1158,0,0,0,0,0,0,0,20200409,20201212
1159,0,0,0,0,0,0,0,20200221,20200408
1160,0,0,0,0,0,0,0,20200221,20200405
1161,0,0,0,0,0,0,0,20200222,20201212
1162,0,0,0,0,0,0,0,20200221,20201211
1163,0,0,0,0,0,0,0,20200224,20200617
1164,0,0,0,0,0,0,0,20200229,20200614
1165,0,0,0,0,0,0,0,20200411,20201024
1166,0,0,0,0,0,0,0,20200410,20201101
1167,0,0,0,0,0,0,0,20200221,20201212
1168,0,0,0,0,0,0,0,20200619,20201212
1169,0,0,0,0,0,0,0,20200221,20201212
1170,0,0,0,0,0,0,0,20200224,20200618
1171,0,0,0,0,0,0,0,20200221,20200618
1172,0,0,0,0,0,0,0,20200221,20200613
1173,0,0,0,0,0,0,0,20200222,20200614
1174,0,0,0,0,0,0,0,20200823,20201101
1175,0,0,0,0,0,0,0,20200822,20201024
1176,0,0,0,0,0,0,0,20200821,20201030
1177,0,0,0,0,0,0,0,20200409,20200612
1178,0,0,0,0,0,0,0,20200221,20200617
1179,0,0,0,0,0,0,0,20200221,20200618
1180,0,0,0,0,0,0,0,20200406,20201212
1181,0,0,0,0,0,0,0,20200221,20200618
1182,0,0,0,0,0,0,0,20200224,20200618
1183,0,0,0,0,0,0,0,20200221,20201212
1184,0,0,0,0,0,0,0,20200412,20200614
1185,0,0,0,0,0,0,0,20200410,20200816
1186,0,0,0,0,0,0,0,20200221,20200612
1187,0,0,0,0,0,0,0,20200223,20200614
1188,0,0,0,0,0,0,0,20200221,20200618
1189,0,0,0,0,0,0,0,20200228,20200402
1190,0,0,0,0,0,0,0,20200223,20201206
1191,0,0,0,0,0,0,0,20200303,20200609
1192,0,0,0,0,0,0,0,20200224,20200618
1193,0,0,0,0,0,0,0,20200222,20201212
1194,0,0,0,0,0,0,0,20200407,20200618
1195,0,0,0,0,0,0,0,20200225,20200402
1196,0,0,0,0,0,0,0,20200224,20200618
1197,0,0,0,0,0,0,0,20200223,20201206
1198,0,0,0,0,0,0,0,20200222,20201212
1199,0,0,0,0,0,0,0,20200222,20201212
1200,0,0,0,0,0,0,0,20200409,20201211
1201,0,0,0,0,0,0,0,20200221,20201212
1202,0,0,0,0,0,0,0,20200222,20201212
1203,0,0,0,0,0,0,0,20200221,20201211
1204,0,0,0,0,0,0,0,20200221,20201211
1205,0,0,0,0,0,0,0,20200222,20201212
1206,0,0,0,0,0,0,0,20200410,20200613
1207,0,0,0,0,0,0,0,20200302,20200618
1208,0,0,0,0,0,0,0,20200302,20200618
1209,0,0,0,0,0,0,0,20200221,20201212
1210,0,0,0,0,0,0,0,20200222,20201212
1211,0,0,0,0,0,0,0,20200221,20201212
1212,0,0,0,0,0,0,0,20200221,20201211
1213,0,0,0,0,0,0,0,20200221,20201212
1214,0,0,0,0,0,0,0,20200223,20201206
1215,0,0,0,0,0,0,0,20200221,20201212
1216,0,0,0,0,0,0,0,20200406,20201210
1217,0,0,0,0,0,0,0,20200224,20200405
1218,0,0,0,0,0,0,0,20200224,20200404
1219,0,0,0,0,0,0,0,20200228,20200404
1220,0,0,0,0,0,0,0,20200221,20201211
1221,0,0,0,0,0,0,0,20200221,20200522
1222,0,0,0,0,0,0,0,20200221,20200522
1223,0,0,0,0,0,0,0,20200222,20200222
1224,0,0,0,0,0,0,0,20200221,20200522
1225,0,0,0,0,0,0,0,20200224,20200617
1226,0,0,0,0,0,0,0,20200224,20200617
1227,0,0,0,0,0,0,0,20200228,20200613
1228,0,0,0,0,0,0,0,20200229,20200613
1229,0,0,0,0,0,0,0,20200301,20200614
1230,0,0,0,0,0,0,0,20200222,20201212
1231,0,0,0,0,0,0,0,20200222,20201212
1232,0,0,0,0,0,0,0,20200221,20201212
1233,0,0,0,0,0,0,0,20200221,20201211
1234,0,0,0,0,0,0,0,20200221,20201212
1235,0,0,0,0,0,0,0,20200522,20201211
1236,0,0,0,0,0,0,0,20200406,20200618
1237,0,0,0,0,0,0,0,20200221,20200617
1238,0,0,0,0,0,0,0,20200223,20200614
1239,0,0,0,0,0,0,0,20200221,20201212
1240,0,0,0,0,0,0,0,20200221,20201211
1241,0,0,0,0,0,0,0,20200221,20201211
1242,0,0,0,0,0,0,0,20200221,20201211
1243,0,0,0,0,0,0,0,20200302,20200617
1244,0,0,0,0,0,0,0,20200221,20200612
1245,0,0,0,0,0,0,0,20200221,20200618
1246,0,0,0,0,0,0,0,20200228,20200618
1247,0,0,0,0,0,0,0,20200224,20200617
1248,0,0,0,0,0,0,0,20200221,20201212
1249,0,0,0,0,0,0,0,20200222,20200814
1250,0,0,0,0,0,0,0,20200222,20200814
1251,0,0,0,0,0,0,0,20200221,20200814
1252,0,0,0,0,0,0,0,20200224,20200618
1253,0,0,0,0,0,0,0,20200221,20200618
1254,0,0,0,0,0,0,0,20200224,20200814
1255,0,0,0,0,0,0,0,20200221,20200814
1256,0,0,0,0,0,0,0,20200224,20200814
1257,0,0,0,0,0,0,0,20200221,20200814
1258,0,0,0,0,0,0,0,20200618,20200814
1259,0,0,0,0,0,0,0,20200221,20200807
1260,0,0,0,0,0,0,0,20200224,20200807
1261,0,0,0,0,0,0,0,20200221,20200807
1262,0,0,0,0,0,0,0,20200221,20200816
1263,0,0,0,0,0,0,0,20200221,20200816
1264,0,0,0,0,0,0,0,20200221,20200816
1265,0,0,0,0,0,0,0,20200221,20200816
1266,0,0,0,0,0,0,0,20200222,20200816
1267,0,0,0,0,0,0,0,20200222,20200816
1268,0,0,0,0,0,0,0,20200224,20200618
1269,0,0,0,0,0,0,0,20200222,20200618
1270,0,0,0,0,0,0,0,20200221,20200814
1271,0,0,0,0,0,0,0,20200221,20200617
1272,0,0,0,0,0,0,0,20200223,20200614
1273,0,0,0,0,0,0,0,20200302,20200609
1274,0,0,0,0,0,0,0,20200221,20200617
1275,0,0,0,0,0,0,0,20200221,20200618
1276,0,0,0,0,0,0,0,20200221,20200814
1277,0,0,0,0,0,0,0,20200224,20200814
1278,0,0,0,0,0,0,0,20200224,20200807
1279,0,0,0,0,0,0,0,20200221,20200814
1280,0,0,0,0,0,0,0,20200222,20200614
1281,0,0,0,0,0,0,0,20200221,20200807
1282,0,0,0,0,0,0,0,20200221,20200814
1283,0,0,0,0,0,0,0,20200302,20200814
1284,0,0,0,0,0,0,0,20200221,20200814
1285,0,0,0,0,0,0,0,20200302,20200814
1286,0,0,0,0,0,0,0,20200221,20200807
1287,0,0,0,0,0,0,0,20200618,20200807
1288,0,0,0,0,0,0,0,20200221,20200617
1289,0,0,0,0,0,0,0,20200221,20201211
1290,0,0,0,0,0,0,0,20200510,20200510
1291,0,0,0,0,0,0,0,20200221,20200816
1292,0,0,0,0,0,0,0,20200222,20200816
1293,0,0,0,0,0,0,0,20200306,20201211
1294,0,0,0,0,0,0,0,20200620,20200816
1295,0,0,0,0,0,0,0,20200223,20200617
1296,0,0,0,0,0,0,0,20200221,20200815
1297,0,0,0,0,0,0,0,20200221,20200814
1298,0,0,0,0,0,0,0,20200221,20200618
1299,0,0,0,0,0,0,0,20200221,20200618
1300,0,0,0,0,0,0,0,20200222,20200815
1301,0,0,0,0,0,0,0,20200221,20200816
1302,0,0,0,0,0,0,0,20200221,20200617
1303,0,0,0,0,0,0,0,20200223,20201206
1304,0,0,0,0,0,0,0,20200221,20201212
1305,0,0,0,0,0,0,0,20200302,20200816
1306,0,0,0,0,0,0,0,20200409,20201030
1307,0,0,0,0,0,0,0,20200221,20201212
1308,0,0,0,0,0,0,0,20200821,20201031
1309,0,0,0,0,0,0,0,20200822,20201101
1310,0,0,0,0,0,0,0,20200409,20200618
1311,0,0,0,0,0,0,0,20200302,20201207
1312,0,0,0,0,0,0,0,20200221,20201212
1313,0,0,0,0,0,0,0,20200409,20201101
1314,0,0,0,0,0,0,0,20200409,20201031
