"service_id","monday","tuesday","wednesday","thursday","friday","saturday","sunday","start_date","end_date"
1,0,0,0,0,0,0,0,20241202,20250226
2,0,0,0,0,0,0,0,20241202,20250226
3,0,0,0,0,0,0,0,20241202,20250226
4,0,0,0,0,1,0,0,20241202,20250226
5,1,1,1,1,0,0,0,20241202,20250226
6,0,0,0,0,0,1,0,20241202,20250226
7,0,0,0,0,0,0,1,20241202,20250226
8,0,0,0,0,0,0,0,20241202,20250226
9,0,0,0,0,0,0,0,20241202,20250226
10,0,0,0,0,0,0,0,20241202,20250226
11,0,0,0,0,0,0,0,20241202,20250226
12,0,0,0,0,0,0,0,20241202,20250226
13,0,0,0,0,0,0,0,20241202,20250226
14,0,0,0,0,0,0,0,20241202,20250226
15,0,0,0,0,0,0,0,20241202,20250226
16,0,0,0,0,0,0,0,20241202,20250226
17,0,0,0,0,0,0,0,20241202,20250226
18,0,0,0,0,0,0,0,20241202,20250226
19,0,0,0,0,0,0,0,20241202,20250226
20,0,0,0,0,0,0,0,20241202,20250226
21,0,0,0,0,0,0,0,20241202,20250226
22,0,0,0,0,0,0,0,20241202,20250226
23,0,0,0,0,0,0,0,20241202,20250226
24,0,0,0,0,0,0,0,20241202,20250226
25,0,0,0,0,0,0,0,20241202,20250226
26,0,0,0,0,0,0,0,20241202,20250226
27,0,0,0,0,0,0,0,20241202,20250226
28,0,0,0,0,0,0,0,20241202,20250226
29,0,0,0,0,0,0,0,20241202,20250226
30,0,0,0,0,0,0,0,20241202,20250226
31,0,0,0,0,0,0,0,20241202,20250226
32,0,0,0,0,0,0,0,20241202,20250226
33,0,0,0,0,0,0,0,20241202,20250226
34,0,0,0,0,0,0,0,20241202,20250226
35,0,0,0,0,0,0,0,20241202,20250226
36,0,0,0,0,0,0,0,20241202,20250226
37,0,0,0,0,0,0,0,20241202,20250226
38,1,1,1,1,1,0,0,20241202,20250226
39,0,0,0,0,0,0,0,20241202,20250226
40,0,0,0,0,0,0,0,20241202,20250226
41,0,0,0,0,0,0,0,20241202,20250226
42,0,0,0,0,0,1,0,20241202,20250226
43,0,0,0,0,0,1,1,20241202,20250226
44,0,0,0,0,0,1,1,20241202,20250226
45,1,1,1,1,1,0,0,20241202,20250226
46,1,1,1,1,1,0,0,20241202,20250226
47,0,0,0,0,0,0,0,20241202,20250226
48,0,0,0,0,0,0,0,20241202,20250226
49,0,0,0,0,0,0,0,20241202,20250226
50,0,0,0,0,0,0,0,20241202,20250226
51,0,0,0,0,0,0,0,20241202,20250226
52,0,0,0,0,0,0,0,20241202,20250226
53,0,0,0,0,0,0,0,20241202,20250226
54,0,0,0,0,0,0,0,20241202,20250226
55,0,0,0,0,0,0,0,20241202,20250226
56,0,0,0,0,0,0,0,20241202,20250226
57,0,0,0,0,0,0,0,20241202,20250226
58,0,0,0,0,0,0,0,20241202,20250226
59,0,0,0,0,0,0,0,20241202,20250226
60,0,0,0,0,0,0,0,20241202,20250226
61,0,0,0,0,0,0,0,20241202,20250226
62,0,0,0,0,0,0,0,20241202,20250226
63,0,0,0,0,0,0,0,20241202,20250226
64,0,0,0,0,0,0,0,20241202,20250226
65,0,0,0,0,0,0,0,20241202,20250226
66,0,0,0,0,0,0,0,20241202,20250226
67,0,0,0,0,0,0,0,20241202,20250226
68,0,0,0,0,0,0,0,20241202,20250226
69,0,0,0,0,0,0,0,20241202,20250226
70,0,0,0,0,0,0,0,20241202,20250226
71,0,0,0,0,0,0,0,20241202,20250226
72,0,0,0,0,0,0,0,20241202,20250226
73,0,0,0,0,0,0,0,20241202,20250226
74,0,0,0,0,0,0,0,20241202,20250226
75,0,0,0,0,0,0,0,20241202,20250226
76,0,0,0,0,0,0,0,20241202,20250226
77,0,0,0,0,0,0,0,20241202,20250226
78,0,0,0,0,0,0,0,20241202,20250226
79,0,0,0,0,0,0,0,20241202,20250226
80,0,0,0,0,0,0,0,20241202,20250226
81,0,0,0,0,0,0,0,20241202,20250226
82,0,0,0,0,0,0,0,20241202,20250226
83,0,0,0,0,0,0,0,20241202,20250226
84,0,0,0,0,0,0,0,20241202,20250226
85,0,0,0,0,0,0,0,20241202,20250226
86,0,0,0,0,0,0,0,20241202,20250226
87,0,0,0,0,0,0,0,20241202,20250226
88,0,0,0,0,0,0,0,20241202,20250226
89,0,0,0,0,0,0,0,20241202,20250226
90,0,0,0,0,0,0,0,20241202,20250226
91,0,0,0,0,0,0,0,20241202,20250226
92,0,0,0,0,0,0,0,20241202,20250226
93,0,0,0,0,0,0,0,20241202,20250226
94,0,0,0,0,0,0,0,20241202,20250226
95,0,0,0,0,0,0,0,20241202,20250226
96,0,0,0,0,0,0,0,20241202,20250226
97,0,0,0,0,0,0,0,20241202,20250226
98,0,0,0,0,0,0,0,20241202,20250226
99,0,0,0,0,0,0,0,20241202,20250226
100,0,0,0,0,0,0,0,20241202,20250226
101,0,0,0,0,0,0,0,20241202,20250226
102,0,0,0,0,0,0,0,20241202,20250226
103,0,0,0,0,0,0,0,20241202,20250226
104,0,0,0,0,0,0,0,20241202,20250226
105,0,0,0,0,0,0,0,20241202,20250226
106,1,1,1,1,1,0,0,20241202,20250226
107,1,1,1,1,1,1,0,20241202,20250226
108,1,1,1,1,1,1,1,20241202,20250226
109,1,1,1,1,1,1,1,20241202,20250226
110,0,0,0,0,0,0,0,20241202,20250226
111,0,0,0,0,1,0,0,20241202,20250226
112,1,1,1,1,0,1,1,20241202,20250226
113,0,0,0,0,0,1,0,20241202,20250226
114,0,0,0,0,0,0,1,20241202,20250226
115,0,0,0,0,0,0,0,20241202,20250226
116,1,1,1,1,1,0,1,20241202,20250226
117,0,0,0,0,0,0,0,20241202,20250226
118,0,0,0,0,1,1,0,20241202,20250226
119,1,0,0,1,1,0,0,20241202,20250226
120,0,0,0,0,0,0,0,20241202,20250226
121,0,0,0,0,0,0,0,20241202,20250226
122,0,0,0,0,0,1,1,20241202,20250226
123,0,0,0,0,0,0,1,20241202,20250226
124,0,0,0,0,0,0,0,20241202,20250226
125,1,1,1,1,1,0,0,20241202,20250226
126,1,1,1,1,1,0,0,20241202,20250226
127,1,1,1,1,1,0,0,20241202,20250226
128,0,0,0,0,0,0,1,20241202,20250226
129,1,0,0,1,1,0,0,20241202,20250226
130,1,0,0,1,1,0,0,20241202,20250226
131,0,0,0,0,0,0,0,20241202,20250226
132,0,0,0,0,0,0,1,20241202,20250226
133,0,0,0,0,0,0,0,20241202,20250226
134,1,1,1,1,1,0,0,20241202,20250226
135,0,0,0,0,0,1,1,20241202,20250226
136,0,0,0,0,0,1,1,20241202,20250226
137,1,1,1,1,1,0,1,20241202,20250226
138,0,0,0,1,0,1,1,20241202,20250226
139,1,1,1,1,1,0,1,20241202,20250226
140,1,1,1,1,1,1,1,20241202,20250226
141,0,0,0,0,1,1,0,20241202,20250226
142,1,1,1,1,0,0,0,20241202,20250226
143,0,0,0,0,0,0,0,20241202,20250226
144,1,1,1,1,1,0,0,20241202,20250226
145,1,1,1,1,1,0,0,20241202,20250226
146,0,0,0,0,0,0,1,20241202,20250226
147,1,1,1,1,1,0,0,20241202,20250226
148,0,0,0,0,1,0,0,20241202,20250226
149,0,0,0,0,0,0,0,20241202,20250226
150,1,0,0,0,0,0,0,20241202,20250226
151,0,0,0,0,0,0,0,20241202,20250226
152,1,1,1,1,1,0,1,20241202,20250226
153,0,0,0,0,0,0,0,20241202,20250226
154,0,0,0,0,0,0,1,20241202,20250226
155,0,0,0,0,0,0,0,20241202,20250226
156,0,0,0,0,0,0,0,20241202,20250226
157,0,0,0,0,0,1,0,20241202,20250226
158,0,0,0,0,0,0,1,20241202,20250226
159,0,0,0,0,0,0,0,20241202,20250226
160,0,0,0,0,0,0,0,20241202,20250226
161,0,0,0,0,0,0,0,20241202,20250226
162,0,0,0,0,0,0,0,20241202,20250226
163,0,0,0,0,0,0,0,20241202,20250226
164,0,0,0,0,0,0,0,20241202,20250226
165,0,0,0,0,0,0,0,20241202,20250226
166,0,0,0,0,0,0,0,20241202,20250226
167,0,0,0,0,0,0,0,20241202,20250226
168,0,0,0,0,0,0,0,20241202,20250226
169,0,0,0,0,0,0,0,20241202,20250226
170,0,0,0,0,0,0,0,20241202,20250226
171,0,0,0,0,0,0,0,20241202,20250226
172,0,0,0,0,0,0,0,20241202,20250226
173,0,0,0,0,0,0,0,20241202,20250226
174,0,0,0,0,0,0,0,20241202,20250226
175,0,0,0,0,0,0,0,20241202,20250226
176,0,0,0,0,0,0,0,20241202,20250226
177,0,0,0,0,0,0,0,20241202,20250226
178,0,0,0,0,0,0,0,20241202,20250226
179,0,0,0,0,0,0,0,20241202,20250226
180,0,0,0,0,0,0,0,20241202,20250226
181,0,0,0,0,0,0,0,20241202,20250226
182,0,0,0,0,0,0,0,20241202,20250226
183,0,0,0,0,0,0,0,20241202,20250226
184,0,0,0,0,0,0,0,20241202,20250226
185,0,0,0,0,0,0,0,20241202,20250226
186,0,0,0,0,0,0,0,20241202,20250226
187,0,0,0,0,0,0,0,20241202,20250226
188,0,0,0,0,0,0,0,20241202,20250226
189,0,0,0,0,0,0,1,20241202,20250226
190,0,0,0,0,0,1,0,20241202,20250226
191,0,0,0,0,0,0,1,20241202,20250226
192,1,1,1,1,1,0,0,20241202,20250226
193,1,1,1,1,1,0,0,20241202,20250226
194,0,0,0,0,0,0,0,20241202,20250226
195,0,0,0,0,1,0,0,20241202,20250226
196,0,0,0,0,0,0,0,20241202,20250226
197,0,0,0,1,0,0,0,20241202,20250226
198,1,1,1,1,1,0,0,20241202,20250226
199,0,0,0,0,0,0,0,20241202,20250226
200,1,1,1,1,1,0,0,20241202,20250226
201,0,0,0,0,0,0,1,20241202,20250226
202,0,0,0,0,0,0,1,20241202,20250226
203,0,0,0,0,0,1,0,20241202,20250226
204,0,0,0,0,0,0,0,20241202,20250226
205,1,0,0,0,0,0,0,20241202,20250226
206,0,0,1,0,0,0,0,20241202,20250226
207,0,0,0,0,1,0,0,20241202,20250226
208,0,1,0,0,0,0,0,20241202,20250226
209,0,0,0,0,0,0,0,20241202,20250226
210,0,0,1,0,1,0,0,20241202,20250226
211,0,1,0,0,0,0,0,20241202,20250226
212,0,0,0,0,1,0,0,20241202,20250226
213,0,1,0,1,0,0,0,20241202,20250226
214,1,0,0,1,0,0,0,20241202,20250226
215,0,0,0,0,0,0,0,20241202,20250226
216,0,0,0,0,0,0,0,20241202,20250226
217,0,0,0,0,0,0,0,20241202,20250226
218,0,0,0,0,0,0,0,20241202,20250226
219,0,0,0,0,1,1,0,20241202,20250226
220,0,0,0,0,0,0,0,20241202,20250226
221,0,0,0,0,1,1,0,20241202,20250226
222,1,1,1,1,1,0,0,20241202,20250226
223,1,0,1,0,1,0,0,20241202,20250226
224,1,1,0,1,0,0,0,20241202,20250226
225,0,0,0,0,0,0,0,20241202,20250226
226,0,0,0,0,0,0,0,20241202,20250226
227,0,0,1,0,1,0,0,20241202,20250226
228,0,0,0,0,0,0,0,20241202,20250226
229,0,0,0,0,0,0,0,20241202,20250226
230,0,0,0,0,0,0,0,20241202,20250226
231,1,0,1,1,1,0,0,20241202,20250226
232,1,1,1,1,1,0,0,20241202,20250226
233,0,0,0,0,0,0,0,20241202,20250226
234,1,1,1,1,1,0,0,20241202,20250226
235,1,0,1,1,0,0,0,20241202,20250226
236,1,1,1,1,0,0,0,20241202,20250226
237,1,1,0,0,1,0,0,20241202,20250226
238,1,0,1,0,0,0,0,20241202,20250226
239,0,0,0,1,1,0,0,20241202,20250226
240,1,0,1,0,1,0,0,20241202,20250226
241,0,0,0,0,0,0,0,20241202,20250226
242,0,0,0,0,0,0,0,20241202,20250226
243,0,0,0,0,0,1,0,20241202,20250226
244,0,0,0,0,0,0,0,20241202,20250226
245,0,0,0,0,0,0,1,20241202,20250226
246,0,0,0,0,0,0,0,20241202,20250226
247,0,0,0,0,0,0,0,20241202,20250226
248,0,1,1,0,1,0,0,20241202,20250226
249,1,0,0,0,1,0,0,20241202,20250226
250,0,1,1,1,0,0,0,20241202,20250226
251,0,1,0,1,1,0,0,20241202,20250226
252,0,1,1,1,1,0,0,20241202,20250226
253,1,0,0,1,1,0,0,20241202,20250226
254,0,1,0,0,1,0,0,20241202,20250226
255,0,0,0,0,1,0,0,20241202,20250226
256,0,1,0,0,1,0,0,20241202,20250226
257,1,1,1,1,1,0,0,20241202,20250226
258,0,0,1,1,0,0,0,20241202,20250226
259,0,1,1,0,0,0,0,20241202,20250226
260,0,0,0,0,0,0,0,20241202,20250226
261,1,1,1,1,1,0,0,20241202,20250226
262,1,1,1,1,1,0,0,20241202,20250226
263,0,0,0,0,0,0,0,20241202,20250226
264,0,0,0,1,0,0,0,20241202,20250226
265,1,1,1,1,1,0,0,20241202,20250226
266,1,1,1,1,1,0,0,20241202,20250226
267,0,0,0,0,0,0,0,20241202,20250226
268,0,0,0,0,0,0,0,20241202,20250226
269,0,0,0,0,0,0,0,20241202,20250226
270,1,1,1,1,1,0,0,20241202,20250226
271,0,0,0,0,0,0,0,20241202,20250226
272,0,0,0,0,0,0,1,20241202,20250226
273,1,1,1,1,1,0,0,20241202,20250226
274,1,1,1,1,1,1,1,20241202,20250226
275,0,0,1,1,1,0,0,20241202,20250226
276,0,0,0,0,0,0,0,20241202,20250226
277,0,0,0,0,0,1,0,20241202,20250226
278,0,0,0,0,0,0,0,20241202,20250226
279,0,0,0,0,0,1,1,20241202,20250226
280,0,0,0,0,0,0,0,20241202,20250226
281,1,1,1,1,1,0,1,20241202,20250226
282,0,0,0,0,0,0,1,20241202,20250226
283,1,1,1,1,1,0,1,20241202,20250226
284,1,1,1,1,0,0,1,20241202,20250226
285,1,1,1,1,0,0,0,20241202,20250226
286,0,0,0,0,0,0,0,20241202,20250226
287,0,0,0,0,0,0,0,20241202,20250226
288,0,0,0,0,0,0,0,20241202,20250226
289,0,0,0,0,0,0,0,20241202,20250226
290,0,0,0,0,0,0,0,20241202,20250226
291,0,0,0,0,0,0,0,20241202,20250226
292,0,0,0,0,0,0,0,20241202,20250226
293,0,0,0,0,0,0,0,20241202,20250226
294,0,0,0,0,0,0,0,20241202,20250226
295,0,0,0,0,0,0,0,20241202,20250226
296,0,0,0,0,0,0,0,20241202,20250226
297,0,0,0,0,0,0,0,20241202,20250226
298,0,0,0,0,0,0,0,20241202,20250226
299,0,0,0,0,0,0,0,20241202,20250226
300,0,0,0,0,0,0,0,20241202,20250226
301,0,0,0,0,0,0,0,20241202,20250226
302,0,0,0,0,0,0,0,20241202,20250226
303,0,0,0,0,0,0,0,20241202,20250226
304,0,0,0,0,0,0,0,20241202,20250226
305,0,0,0,0,0,0,0,20241202,20250226
306,0,0,0,0,0,0,0,20241202,20250226
307,0,0,0,0,0,0,1,20241202,20250226
308,0,0,0,0,0,0,1,20241202,20250226
309,1,1,1,1,1,0,0,20241202,20250226
310,0,0,0,0,0,0,1,20241202,20250226
311,0,0,0,0,0,1,0,20241202,20250226
312,1,1,1,1,1,0,0,20241202,20250226
313,0,0,0,0,0,0,1,20241202,20250226
314,0,0,0,0,0,0,0,20241202,20250226
315,1,1,1,1,1,0,0,20241202,20250226
316,0,0,0,0,0,0,0,20241202,20250226
317,0,0,0,0,0,0,0,20241202,20250226
318,0,0,0,0,0,0,0,20241202,20250226
319,0,0,0,0,1,1,0,20241202,20250226
320,0,0,0,0,0,0,0,20241202,20250226
321,0,0,0,0,1,1,0,20241202,20250226
322,1,1,1,1,0,0,0,20241202,20250226
323,0,0,0,0,0,1,1,20241202,20250226
324,1,1,1,1,1,1,1,20241202,20250226
325,0,0,0,0,0,1,1,20241202,20250226
326,0,0,0,0,0,1,1,20241202,20250226
327,1,1,1,1,1,1,0,20241202,20250226
328,1,1,1,1,1,0,0,20241202,20250226
329,0,0,0,0,0,0,0,20241202,20250226
330,0,0,0,0,0,0,0,20241202,20250226
331,1,1,1,1,0,0,0,20241202,20250226
332,0,0,0,0,0,0,0,20241202,20250226
333,0,0,0,0,0,0,1,20241202,20250226
334,0,0,0,0,0,0,0,20241202,20250226
335,0,0,1,1,1,0,0,20241202,20250226
336,0,0,0,0,0,0,0,20241202,20250226
337,0,0,0,0,0,0,0,20241202,20250226
338,0,0,0,0,0,0,0,20241202,20250226
339,0,0,0,0,0,0,0,20241202,20250226
340,0,0,0,0,0,0,0,20241202,20250226
341,0,0,0,0,0,0,0,20241202,20250226
342,0,0,0,0,0,0,0,20241202,20250226
343,0,0,0,0,0,1,1,20241202,20250226
344,0,0,0,0,0,0,0,20241202,20250226
345,0,0,0,0,0,0,1,20241202,20250226
346,0,0,0,0,0,1,1,20241202,20250226
347,0,0,0,0,0,0,1,20241202,20250226
348,0,0,0,0,0,1,1,20241202,20250226
349,1,0,0,0,0,0,0,20241202,20250226
350,0,1,0,0,0,0,0,20241202,20250226
351,0,0,1,0,0,0,0,20241202,20250226
352,0,0,0,1,0,0,0,20241202,20250226
353,0,0,0,0,0,0,0,20241202,20250226
354,0,0,0,0,0,0,0,20241202,20250226
355,1,1,1,1,1,1,0,20241202,20250226
356,0,0,0,0,0,0,0,20241202,20250226
357,1,1,1,1,1,0,1,20241202,20250226
358,1,1,1,1,1,0,0,20241202,20250226
359,0,0,0,0,0,0,0,20241202,20250226
360,0,0,0,0,0,0,0,20241202,20250226
361,1,1,1,1,1,0,0,20241202,20250226
362,0,0,0,0,0,0,1,20241202,20250226
363,0,0,0,0,0,0,0,20241202,20250226
364,0,0,0,0,0,1,0,20241202,20250226
365,0,0,0,0,0,0,0,20241202,20250226
366,0,0,0,0,0,1,1,20241202,20250226
367,0,0,0,0,0,0,1,20241202,20250226
368,0,0,0,0,0,0,0,20241202,20250226
369,0,0,0,0,0,0,0,20241202,20250226
370,0,0,0,0,0,0,0,20241202,20250226
371,0,0,0,0,0,0,0,20241202,20250226
372,0,0,0,0,0,0,0,20241202,20250226
373,0,0,0,0,0,0,0,20241202,20250226
374,1,1,1,1,1,0,0,20241202,20250226
375,0,0,0,0,0,0,0,20241202,20250226
376,0,0,0,0,0,0,0,20241202,20250226
377,1,0,1,0,1,0,0,20241202,20250226
378,0,0,0,0,0,0,0,20241202,20250226
379,0,1,0,1,0,0,0,20241202,20250226
380,1,1,1,1,1,0,0,20241202,20250226
381,1,1,1,1,1,0,0,20241202,20250226
382,1,1,1,1,1,0,0,20241202,20250226
383,1,1,1,1,1,0,0,20241202,20250226
384,0,0,0,0,0,0,0,20241202,20250226
385,0,0,0,0,0,0,0,20241202,20250226
386,1,1,1,1,1,0,0,20241202,20250226
387,0,0,0,0,0,0,0,20241202,20250226
388,1,1,1,1,1,1,0,20241202,20250226
389,0,0,0,0,0,1,1,20241202,20250226
390,0,0,0,0,0,1,1,20241202,20250226
391,1,1,0,1,1,0,0,20241202,20250226
392,0,1,0,1,0,0,0,20241202,20250226
393,1,0,1,0,1,0,0,20241202,20250226
394,0,0,0,1,0,0,0,20241202,20250226
395,0,1,0,0,0,0,0,20241202,20250226
396,0,0,0,0,0,0,0,20241202,20250226
397,0,0,0,0,0,0,0,20241202,20250226
398,0,0,0,0,0,0,0,20241202,20250226
399,0,0,0,0,0,1,1,20241202,20250226
400,0,0,0,0,0,1,1,20241202,20250226
401,0,0,0,0,0,0,0,20241202,20250226
402,0,0,0,0,0,0,0,20241202,20250226
403,0,0,0,0,0,0,0,20241202,20250226
404,0,0,0,0,0,0,0,20241202,20250226
405,0,0,0,0,0,0,0,20241202,20250226
406,0,0,0,0,0,0,1,20241202,20250226
407,0,0,0,0,0,0,1,20241202,20250226
408,1,1,1,1,1,0,1,20241202,20250226
409,0,0,0,1,1,0,0,20241202,20250226
410,1,1,1,1,1,0,0,20241202,20250226
411,0,0,0,0,0,1,0,20241202,20250226
412,1,1,1,1,1,0,0,20241202,20250226
413,1,1,1,1,1,0,0,20241202,20250226
414,0,0,0,0,0,1,0,20241202,20250226
415,0,0,0,0,0,0,0,20241202,20250226
416,0,0,0,1,1,0,0,20241202,20250226
417,0,0,0,0,0,0,0,20241202,20250226
418,0,0,0,0,0,0,0,20241202,20250226
419,1,1,1,1,1,0,0,20241202,20250226
420,0,0,0,0,0,0,0,20241202,20250226
421,1,1,1,1,1,1,1,20241202,20250226
422,0,0,0,0,0,0,0,20241202,20250226
423,0,0,0,0,0,0,0,20241202,20250226
424,0,0,0,0,0,0,0,20241202,20250226
425,1,1,1,1,1,0,0,20241202,20250226
426,0,0,0,0,0,1,1,20241202,20250226
427,0,0,0,0,0,0,0,20241202,20250226
428,1,1,1,1,1,0,0,20241202,20250226
429,0,0,0,0,0,0,0,20241202,20250226
430,0,0,0,1,1,0,0,20241202,20250226
431,1,1,1,1,1,0,0,20241202,20250226
432,0,0,0,0,0,0,0,20241202,20250226
433,0,0,0,0,0,0,0,20241202,20250226
434,0,0,0,0,0,0,0,20241202,20250226
435,0,0,0,0,0,0,1,20241202,20250226
436,0,0,0,0,0,0,0,20241202,20250226
437,0,0,0,0,0,0,0,20241202,20250226
438,0,0,0,0,0,0,0,20241202,20250226
439,1,1,1,1,1,0,1,20241202,20250226
440,0,0,0,0,0,0,0,20241202,20250226
441,0,0,0,0,0,0,0,20241202,20250226
442,0,0,0,0,0,1,1,20241202,20250226
443,0,0,0,0,0,0,0,20241202,20250226
444,1,0,0,1,1,0,0,20241202,20250226
445,1,1,1,1,1,1,1,20241202,20250226
446,0,0,0,0,0,0,0,20241202,20250226
447,1,1,1,1,1,0,0,20241202,20250226
448,1,1,1,1,1,0,0,20241202,20250226
449,1,1,1,1,1,1,1,20241202,20250226
450,1,1,1,1,1,0,0,20241202,20250226
451,0,0,0,0,0,0,0,20241202,20250226
452,0,0,0,0,0,0,0,20241202,20250226
453,0,0,0,0,0,0,0,20241202,20250226
454,0,0,0,0,0,0,0,20241202,20250226
455,0,0,0,0,0,0,0,20241202,20250226
456,0,0,0,0,0,0,0,20241202,20250226
457,1,1,1,1,1,0,0,20241202,20250226
458,0,0,0,0,0,0,0,20241202,20250226
459,1,1,1,1,1,0,0,20241202,20250226
460,0,0,0,0,1,0,0,20241202,20250226
461,0,0,0,0,0,1,0,20241202,20250226
462,0,0,0,0,1,0,0,20241202,20250226
463,0,0,0,0,0,0,1,20241202,20250226
464,0,0,0,0,0,0,1,20241202,20250226
465,1,1,1,1,1,0,1,20241202,20250226
466,1,1,1,1,1,1,1,20241202,20250226
467,1,1,1,1,1,1,1,20241202,20250226
468,1,1,1,1,1,0,1,20241202,20250226
469,0,0,0,0,0,0,0,20241202,20250226
470,0,0,0,0,0,1,1,20241202,20250226
471,0,0,0,0,0,1,1,20241202,20250226
472,0,0,0,0,0,0,0,20241202,20250226
473,0,0,0,0,0,0,0,20241202,20250226
474,0,0,0,1,1,0,0,20241202,20250226
475,1,1,1,1,1,0,0,20241202,20250226
476,1,1,1,1,1,0,0,20241202,20250226
477,0,0,0,0,0,0,0,20241202,20250226
478,1,1,1,1,1,0,0,20241202,20250226
479,0,0,0,0,0,0,0,20241202,20250226
480,0,0,0,0,0,1,0,20241202,20250226
481,0,0,0,0,0,0,0,20241202,20250226
482,1,1,1,1,1,0,0,20241202,20250226
483,0,0,0,0,0,1,1,20241202,20250226
484,0,0,0,0,1,0,0,20241202,20250226
485,0,0,0,0,0,0,0,20241202,20250226
486,0,0,0,0,0,0,0,20241202,20250226
487,0,0,0,0,0,0,0,20241202,20250226
488,0,0,0,0,0,1,0,20241202,20250226
489,0,0,0,0,0,1,0,20241202,20250226
490,0,0,0,0,0,0,0,20241202,20250226
491,0,0,0,0,0,0,0,20241202,20250226
492,0,0,0,0,1,1,0,20241202,20250226
493,1,1,1,1,1,1,0,20241202,20250226
494,0,0,0,0,0,0,0,20241202,20250226
495,0,0,0,0,0,0,0,20241202,20250226
496,0,0,0,0,0,0,0,20241202,20250226
497,0,0,0,0,0,0,0,20241202,20250226
498,1,1,1,1,1,0,0,20241202,20250226
499,1,1,1,1,1,0,0,20241202,20250226
500,0,0,0,0,0,0,0,20241202,20250226
501,0,0,0,0,1,1,0,20241202,20250226
502,1,1,1,1,1,0,0,20241202,20250226
503,1,1,0,1,0,0,0,20241202,20250226
504,1,0,0,1,1,0,0,20241202,20250226
505,1,1,1,1,0,0,0,20241202,20250226
506,1,0,0,0,0,0,0,20241202,20250226
507,1,1,1,1,1,1,1,20241202,20250226
508,0,0,0,0,1,1,1,20241202,20250226
509,1,1,1,1,0,0,0,20241202,20250226
510,0,0,0,0,0,0,0,20241202,20250226
511,0,0,0,0,0,0,0,20241202,20250226
512,0,0,0,0,0,0,0,20241202,20250226
513,0,0,0,0,0,0,0,20241202,20250226
514,0,0,0,0,0,0,0,20241202,20250226
515,0,0,0,0,0,0,0,20241202,20250226
516,0,0,0,0,0,0,0,20241202,20250226
517,0,0,0,0,0,0,0,20241202,20250226
518,0,0,0,0,0,0,0,20241202,20250226
519,0,0,0,0,0,0,0,20241202,20250226
520,0,0,0,0,0,0,0,20241202,20250226
521,0,0,0,0,0,0,0,20241202,20250226
522,0,0,0,0,0,0,0,20241202,20250226
523,0,0,0,0,0,0,1,20241202,20250226
524,0,0,0,0,0,0,0,20241202,20250226
525,0,0,0,0,0,0,0,20241202,20250226
526,0,0,0,0,0,0,0,20241202,20250226
527,0,0,0,0,0,0,0,20241202,20250226
528,0,0,0,0,0,0,0,20241202,20250226
529,0,0,0,0,0,0,0,20241202,20250226
530,0,0,0,0,0,0,0,20241202,20250226
531,0,0,0,0,0,0,0,20241202,20250226
532,0,0,0,0,0,1,1,20241202,20250226
533,1,1,1,1,1,1,1,20241202,20250226
534,1,1,1,1,1,1,1,20241202,20250226
535,1,1,1,1,1,1,1,20241202,20250226
536,1,1,1,1,1,1,1,20241202,20250226
537,0,0,0,0,0,0,0,20241202,20250226
538,0,0,0,0,0,0,0,20241202,20250226
539,0,0,0,0,0,0,0,20241202,20250226
540,0,0,0,0,0,0,0,20241202,20250226
541,0,0,0,0,0,0,0,20241202,20250226
542,0,0,0,0,0,0,0,20241202,20250226
543,0,0,0,0,0,0,0,20241202,20250226
544,0,0,0,0,0,0,0,20241202,20250226
545,0,0,0,0,0,0,0,20241202,20250226
546,0,0,0,0,0,0,0,20241202,20250226
547,0,0,0,0,0,0,0,20241202,20250226
548,1,1,1,1,1,0,0,20241202,20250226
549,0,0,0,0,0,0,0,20241202,20250226
550,0,0,0,0,0,0,0,20241202,20250226
551,0,0,0,0,0,0,0,20241202,20250226
552,0,0,0,0,0,0,0,20241202,20250226
553,0,0,0,0,0,0,0,20241202,20250226
554,0,0,0,0,0,0,0,20241202,20250226
555,0,0,0,0,0,0,0,20241202,20250226
556,1,1,1,1,1,1,1,20241202,20250226
557,1,1,1,1,1,1,1,20241202,20250226
558,0,0,0,0,0,0,0,20241202,20250226
559,0,0,0,0,1,1,0,20241202,20250226
560,0,0,0,0,0,1,1,20241202,20250226
561,1,1,1,1,1,1,1,20241202,20250226
562,0,0,0,0,0,0,0,20241202,20250226
563,0,0,0,0,0,0,0,20241202,20250226
564,1,1,1,1,1,1,1,20241202,20250226
565,0,0,0,0,1,1,0,20241202,20250226
566,1,1,1,1,1,1,1,20241202,20250226
567,1,1,1,1,1,1,1,20241202,20250226
568,1,1,1,1,1,1,1,20241202,20250226
569,1,1,1,1,1,1,1,20241202,20250226
570,1,1,1,1,1,1,1,20241202,20250226
571,1,1,1,1,1,1,1,20241202,20250226
572,0,0,0,0,0,0,0,20241202,20250226
573,0,0,0,0,0,0,0,20241202,20250226
574,0,0,0,0,0,0,0,20241202,20250226
575,1,1,1,1,1,1,1,20241202,20250226
576,1,1,1,1,1,1,1,20241202,20250226
577,1,1,1,1,1,1,1,20241202,20250226
578,1,1,1,1,1,1,1,20241202,20250226
579,0,0,0,0,0,0,0,20241202,20250226
580,1,1,1,1,0,0,0,20241202,20250226
581,0,0,0,0,1,0,0,20241202,20250226
582,1,1,1,1,0,0,0,20241202,20250226
583,1,1,1,1,0,0,0,20241202,20250226
584,1,1,1,1,1,1,1,20241202,20250226
585,0,0,0,0,1,1,0,20241202,20250226
586,0,0,0,0,0,0,0,20241202,20250226
587,0,0,0,0,0,0,0,20241202,20250226
588,0,0,0,0,0,0,0,20241202,20250226
589,0,0,0,0,0,0,0,20241202,20250226
590,0,0,0,0,0,0,0,20241202,20250226
591,0,0,0,0,0,1,1,20241202,20250226
592,1,1,1,1,1,1,1,20241202,20250226
593,0,0,0,0,0,0,0,20241202,20250226
594,1,1,1,1,0,0,1,20241202,20250226
595,0,0,0,0,0,1,1,20241202,20250226
596,0,0,0,0,0,1,1,20241202,20250226
597,0,0,0,0,0,1,1,20241202,20250226
598,0,0,0,0,1,1,1,20241202,20250226
599,0,0,0,0,1,1,0,20241202,20250226
600,0,0,0,0,0,0,1,20241202,20250226
601,0,0,0,0,0,0,0,20241202,20250226
602,0,0,0,0,0,0,0,20241202,20250226
603,1,1,1,1,1,1,1,20241202,20250226
604,1,1,1,1,1,1,1,20241202,20250226
605,1,1,1,1,1,1,1,20241202,20250226
606,0,0,0,0,0,0,0,20241202,20250226
607,1,1,1,1,0,0,1,20241202,20250226
608,1,1,1,1,0,0,1,20241202,20250226
609,0,0,0,0,0,0,0,20241202,20250226
610,0,0,0,0,0,1,1,20241202,20250226
611,0,0,0,0,0,1,0,20241202,20250226
612,0,0,0,0,0,0,1,20241202,20250226
613,0,0,0,0,1,0,0,20241202,20250226
614,0,0,0,0,1,1,0,20241202,20250226
615,0,0,0,0,1,1,0,20241202,20250226
616,1,1,1,1,1,0,0,20241202,20250226
617,1,1,1,1,1,0,0,20241202,20250226
618,0,0,0,0,1,1,1,20241202,20250226
619,0,0,0,0,1,1,0,20241202,20250226
620,0,0,0,0,0,0,0,20241202,20250226
621,0,0,0,0,0,0,0,20241202,20250226
622,0,0,0,0,0,0,0,20241202,20250226
623,0,0,0,0,0,0,0,20241202,20250226
624,1,1,1,1,1,1,1,20241202,20250226
625,1,1,1,1,1,1,1,20241202,20250226
626,1,1,1,1,1,1,0,20241202,20250226
627,0,0,0,0,1,0,0,20241202,20250226
628,0,0,0,0,1,0,0,20241202,20250226
629,0,0,0,0,0,0,0,20241202,20250226
630,0,0,0,0,0,1,0,20241202,20250226
631,0,0,0,0,0,0,0,20241202,20250226
632,1,1,1,1,0,0,1,20241202,20250226
633,0,0,0,0,1,1,0,20241202,20250226
634,0,0,0,0,1,1,0,20241202,20250226
635,1,1,1,1,1,1,1,20241202,20250226
636,0,0,0,0,0,0,0,20241202,20250226
637,1,1,1,1,1,1,1,20241202,20250226
638,0,0,0,0,1,1,0,20241202,20250226
639,0,0,0,0,1,1,0,20241202,20250226
640,0,0,0,0,0,1,1,20241202,20250226
641,0,0,0,0,0,1,1,20241202,20250226
642,0,0,0,0,0,1,1,20241202,20250226
643,1,1,1,1,1,1,1,20241202,20250226
644,1,1,1,1,1,1,1,20241202,20250226
645,1,1,1,1,1,1,1,20241202,20250226
646,1,1,1,1,0,0,0,20241202,20250226
647,0,0,0,0,0,0,1,20241202,20250226
648,0,0,0,0,0,0,0,20241202,20250226
649,0,0,0,0,0,0,0,20241202,20250226
650,0,0,0,0,0,1,0,20241202,20250226
651,0,0,0,0,0,1,0,20241202,20250226
652,0,0,0,0,0,0,1,20241202,20250226
653,0,0,0,0,0,1,1,20241202,20250226
654,0,0,0,0,0,1,1,20241202,20250226
655,0,0,0,0,0,1,0,20241202,20250226
656,0,0,0,0,0,0,1,20241202,20250226
657,0,0,0,0,0,0,0,20241202,20250226
658,0,0,0,0,0,0,0,20241202,20250226
659,0,0,0,0,0,0,0,20241202,20250226
660,0,0,0,0,0,0,0,20241202,20250226
661,1,1,1,1,0,0,0,20241202,20250226
662,1,1,1,1,1,1,1,20241202,20250226
663,1,1,1,1,1,0,0,20241202,20250226
664,0,0,0,0,0,1,1,20241202,20250226
665,0,0,0,0,1,1,0,20241202,20250226
666,0,0,0,0,0,0,1,20241202,20250226
667,0,0,0,0,0,1,0,20241202,20250226
668,0,0,0,0,1,1,0,20241202,20250226
669,1,1,1,1,1,1,0,20241202,20250226
670,0,0,0,0,0,0,1,20241202,20250226
671,1,1,1,1,1,1,0,20241202,20250226
672,1,1,1,1,1,1,0,20241202,20250226
673,1,1,1,1,0,0,1,20241202,20250226
674,0,0,0,0,1,1,0,20241202,20250226
675,0,0,0,0,0,0,0,20241202,20250226
676,0,0,0,0,0,0,0,20241202,20250226
677,0,0,0,0,0,0,0,20241202,20250226
678,1,1,1,1,1,1,1,20241202,20250226
679,0,0,0,0,0,0,0,20241202,20250226
680,1,1,1,1,1,1,1,20241202,20250226
681,1,1,1,1,1,1,1,20241202,20250226
682,1,1,1,1,1,1,1,20241202,20250226
683,0,0,0,0,0,0,0,20241202,20250226
684,0,0,0,0,0,0,0,20241202,20250226
685,0,0,0,0,0,0,0,20241202,20250226
686,1,1,1,1,1,1,1,20241202,20250226
687,1,1,1,1,1,1,1,20241202,20250226
688,0,0,0,0,0,0,0,20241202,20250226
689,1,1,1,1,1,1,1,20241202,20250226
690,0,0,0,0,0,0,0,20241202,20250226
691,1,1,1,1,1,1,1,20241202,20250226
692,0,0,0,0,0,0,0,20241202,20250226
693,1,1,1,1,1,1,1,20241202,20250226
694,0,0,0,0,0,0,0,20241202,20250226
695,1,1,1,1,1,1,1,20241202,20250226
696,0,0,0,0,0,0,0,20241202,20250226
697,0,0,0,0,0,0,1,20241202,20250226
698,0,0,0,0,0,1,0,20241202,20250226
699,0,0,0,0,0,1,1,20241202,20250226
700,0,0,0,0,0,0,0,20241202,20250226
701,0,0,0,0,0,1,1,20241202,20250226
702,0,0,0,0,0,1,0,20241202,20250226
703,0,0,0,0,0,1,1,20241202,20250226
704,0,0,0,0,0,0,0,20241202,20250226
705,1,1,1,1,0,0,1,20241202,20250226
706,0,0,0,0,1,1,0,20241202,20250226
707,1,1,1,1,0,0,1,20241202,20250226
708,0,0,0,0,1,1,0,20241202,20250226
709,0,0,0,0,0,1,0,20241202,20250226
710,0,0,0,0,0,0,0,20241202,20250226
711,0,0,0,0,0,0,1,20241202,20250226
712,1,1,1,1,1,1,0,20241202,20250226
713,0,0,0,0,0,0,1,20241202,20250226
714,1,1,0,1,1,1,0,20241202,20250226
715,0,0,0,0,0,0,0,20241202,20250226
716,0,0,0,0,0,0,0,20241202,20250226
717,1,1,1,1,0,0,1,20241202,20250226
718,0,0,0,0,1,1,0,20241202,20250226
719,0,0,0,0,0,1,1,20241202,20250226
720,0,0,0,0,0,1,1,20241202,20250226
721,0,0,0,0,0,1,1,20241202,20250226
722,0,0,0,0,1,1,1,20241202,20250226
723,1,1,1,1,1,1,1,20241202,20250226
724,0,0,0,0,0,1,1,20241202,20250226
725,0,0,0,0,0,0,0,20241202,20250226
726,0,0,0,0,1,1,0,20241202,20250226
727,0,0,0,0,0,1,1,20241202,20250226
728,0,0,0,0,0,0,0,20241202,20250226
729,0,0,0,0,0,1,1,20241202,20250226
730,1,1,1,1,1,1,1,20241202,20250226
731,1,1,1,1,1,1,1,20241202,20250226
732,0,0,0,0,0,0,0,20241202,20250226
733,0,0,0,0,0,0,0,20241202,20250226
734,1,1,1,1,1,1,1,20241202,20250226
735,1,1,1,1,1,1,1,20241202,20250226
736,0,0,0,0,1,1,0,20241202,20250226
737,0,0,0,0,0,0,0,20241202,20250226
738,0,0,0,0,0,0,0,20241202,20250226
739,0,0,0,0,0,1,1,20241202,20250226
740,0,0,0,0,0,0,0,20241202,20250226
741,0,0,0,0,0,1,1,20241202,20250226
742,1,1,1,1,0,0,1,20241202,20250226
743,0,0,0,0,1,1,0,20241202,20250226
744,1,1,1,1,0,0,1,20241202,20250226
745,0,0,0,0,1,1,0,20241202,20250226
746,1,1,1,1,0,0,1,20241202,20250226
747,0,0,0,0,1,1,0,20241202,20250226
748,1,1,1,1,1,0,0,20241202,20250226
749,1,1,1,1,1,0,0,20241202,20250226
750,0,0,0,0,0,1,1,20241202,20250226
751,1,1,1,1,1,1,1,20241202,20250226
752,1,1,1,1,1,1,0,20241202,20250226
753,0,0,0,0,0,0,1,20241202,20250226
754,0,0,0,0,0,0,1,20241202,20250226
755,1,1,1,1,1,1,0,20241202,20250226
756,0,0,0,0,0,0,0,20241202,20250226
757,0,0,0,0,1,1,1,20241202,20250226
758,0,0,0,0,0,0,0,20241202,20250226
759,1,1,1,1,0,0,0,20241202,20250226
760,1,1,1,1,1,1,1,20241202,20250226
761,1,1,1,1,0,0,0,20241202,20250226
762,0,0,0,0,0,0,0,20241202,20250226
763,0,0,0,0,1,1,1,20241202,20250226
764,0,0,0,0,0,0,0,20241202,20250226
765,0,0,0,0,0,0,0,20241202,20250226
766,0,0,0,0,0,0,0,20241202,20250226
767,1,1,1,1,1,0,0,20241202,20250226
768,0,0,0,0,0,1,1,20241202,20250226
769,0,0,0,0,0,0,0,20241202,20250226
770,0,0,0,0,0,1,1,20241202,20250226
771,1,1,1,1,1,0,0,20241202,20250226
772,0,0,0,0,1,1,0,20241202,20250226
773,1,1,1,1,0,0,0,20241202,20250226
774,0,0,0,0,0,0,1,20241202,20250226
775,0,0,0,0,0,0,1,20241202,20250226
776,0,0,0,0,0,0,0,20241202,20250226
777,0,0,0,0,0,0,0,20241202,20250226
778,1,1,1,1,1,1,1,20241202,20250226
779,0,0,0,0,0,0,0,20241202,20250226
780,1,1,1,1,1,1,1,20241202,20250226
781,0,0,0,0,0,1,1,20241202,20250226
782,1,0,1,0,0,0,1,20241202,20250226
783,0,0,0,0,1,1,0,20241202,20250226
784,0,0,0,0,0,1,1,20241202,20250226
785,0,1,1,1,1,0,0,20241202,20250226
786,0,0,0,0,0,1,1,20241202,20250226
787,0,0,0,0,0,0,0,20241202,20250226
788,0,0,0,0,0,0,0,20241202,20250226
789,1,1,1,1,1,1,1,20241202,20250226
790,1,0,0,1,1,1,1,20241202,20250226
791,0,0,0,0,0,0,0,20241202,20250226
792,0,0,0,0,0,1,1,20241202,20250226
793,0,0,0,0,1,0,0,20241202,20250226
794,1,1,1,1,0,0,0,20241202,20250226
795,1,1,1,1,1,0,0,20241202,20250226
796,1,0,1,1,1,1,1,20241202,20250226
797,0,0,0,0,1,1,1,20241202,20250226
798,1,1,1,1,1,0,0,20241202,20250226
799,0,0,0,0,0,0,0,20241202,20250226
800,0,0,0,0,0,0,0,20241202,20250226
801,0,0,0,0,0,0,0,20241202,20250226
802,0,0,0,0,0,0,0,20241202,20250226
803,0,0,0,0,0,1,1,20241202,20250226
804,0,0,0,0,0,1,1,20241202,20250226
805,1,1,1,1,1,1,1,20241202,20250226
806,0,0,0,0,0,0,0,20241202,20250226
807,0,0,0,0,0,0,0,20241202,20250226
808,0,0,0,0,0,0,0,20241202,20250226
809,0,0,0,0,0,0,0,20241202,20250226
810,0,0,0,0,0,0,0,20241202,20250226
811,0,0,0,0,0,0,0,20241202,20250226
812,0,0,0,0,0,0,0,20241202,20250226
813,0,0,0,0,0,0,0,20241202,20250226
814,0,0,0,0,0,0,0,20241202,20250226
815,0,0,0,0,0,0,0,20241202,20250226
816,0,0,0,0,0,0,0,20241202,20250226
817,0,0,0,0,0,0,0,20241202,20250226
818,0,0,0,0,0,0,0,20241202,20250226
819,0,0,0,0,0,0,0,20241202,20250226
820,0,0,0,0,0,0,0,20241202,20250226
821,0,0,0,0,0,0,0,20241202,20250226
822,0,0,0,0,0,0,0,20241202,20250226
823,0,0,0,0,0,0,0,20241202,20250226
824,0,0,0,0,0,0,0,20241202,20250226
825,0,0,0,0,0,0,0,20241202,20250226
826,0,0,0,0,0,0,0,20241202,20250226
827,0,0,0,0,0,0,0,20241202,20250226
828,0,0,0,0,0,0,0,20241202,20250226
829,0,0,0,0,0,0,0,20241202,20250226
830,0,0,0,0,0,0,0,20241202,20250226
831,0,0,0,0,0,0,0,20241202,20250226
832,0,0,0,0,0,0,0,20241202,20250226
833,0,0,0,0,0,0,0,20241202,20250226
834,0,0,0,0,0,0,0,20241202,20250226
835,0,0,0,0,0,0,0,20241202,20250226
836,0,0,0,0,0,0,0,20241202,20250226
837,0,0,0,0,0,0,0,20241202,20250226
838,0,0,0,0,0,0,0,20241202,20250226
839,0,0,0,0,0,0,0,20241202,20250226
840,1,0,0,0,0,0,0,20241202,20250226
841,1,1,1,1,1,0,1,20241202,20250226
842,0,0,0,0,0,0,0,20241202,20250226
843,0,0,0,0,0,1,1,20241202,20250226
844,1,1,1,1,1,0,0,20241202,20250226
845,1,1,1,1,0,1,0,20241202,20250226
846,0,0,0,0,1,0,1,20241202,20250226
847,0,0,0,0,0,0,0,20241202,20250226
848,1,1,1,1,0,1,0,20241202,20250226
849,0,0,0,0,1,0,1,20241202,20250226
850,1,1,1,1,0,1,0,20241202,20250226
851,0,0,0,0,1,0,1,20241202,20250226
852,1,0,1,1,1,1,1,20241202,20250226
853,0,0,0,0,0,0,0,20241202,20250226
854,0,0,0,0,1,1,1,20241202,20250226
855,1,1,1,1,1,0,0,20241202,20250226
856,0,0,0,0,0,0,0,20241202,20250226
857,1,1,1,1,1,0,0,20241202,20250226
858,1,1,1,1,1,1,1,20241202,20250226
859,1,1,1,1,1,1,1,20241202,20250226
860,0,0,0,0,0,0,0,20241202,20250226
861,1,1,1,1,1,1,1,20241202,20250226
862,0,0,0,0,0,0,0,20241202,20250226
863,1,1,1,1,1,1,1,20241202,20250226
864,0,0,0,0,0,0,0,20241202,20250226
865,0,0,0,0,0,0,0,20241202,20250226
866,0,0,0,0,0,1,0,20241202,20250226
867,0,0,0,0,0,0,0,20241202,20250226
868,0,0,0,0,0,0,0,20241202,20250226
869,0,0,0,0,0,0,1,20241202,20250226
870,0,0,0,0,0,0,1,20241202,20250226
871,0,0,0,0,0,0,0,20241202,20250226
872,0,0,0,0,0,0,0,20241202,20250226
873,0,0,0,0,0,0,0,20241202,20250226
874,0,0,0,0,0,0,0,20241202,20250226
875,0,0,0,0,0,0,0,20241202,20250226
876,0,0,0,0,0,0,0,20241202,20250226
877,0,0,0,0,0,0,0,20241202,20250226
878,0,0,0,0,0,0,0,20241202,20250226
879,0,0,0,0,0,0,0,20241202,20250226
880,0,0,0,0,0,0,0,20241202,20250226
881,0,0,0,0,0,0,0,20241202,20250226
882,0,0,0,0,0,0,0,20241202,20250226
883,0,0,0,0,0,0,0,20241202,20250226
884,0,0,0,0,0,0,0,20241202,20250226
885,0,0,0,0,0,0,0,20241202,20250226
886,0,0,0,0,0,0,0,20241202,20250226
887,1,1,1,1,1,0,0,20241202,20250226
888,0,0,0,0,0,0,0,20241202,20250226
889,0,0,0,0,0,0,1,20241202,20250226
890,0,0,0,0,0,1,0,20241202,20250226
891,0,0,0,0,0,0,0,20241202,20250226
892,1,1,1,1,1,0,0,20241202,20250226
893,0,0,0,0,0,0,0,20241202,20250226
894,0,0,0,0,0,0,0,20241202,20250226
895,0,0,0,0,0,0,0,20241202,20250226
896,0,0,0,0,0,1,0,20241202,20250226
897,0,0,0,0,0,0,0,20241202,20250226
898,0,0,0,0,0,1,0,20241202,20250226
899,1,1,1,1,1,0,1,20241202,20250226
900,1,1,1,1,1,0,0,20241202,20250226
901,1,1,1,1,1,0,0,20241202,20250226
902,0,0,0,0,0,1,1,20241202,20250226
903,1,1,1,1,1,1,0,20241202,20250226
904,0,0,0,0,1,1,1,20241202,20250226
905,1,1,1,1,0,0,0,20241202,20250226
906,1,1,1,1,1,1,0,20241202,20250226
907,1,1,1,1,0,0,1,20241202,20250226
908,0,0,0,0,1,1,0,20241202,20250226
909,0,0,0,0,1,0,0,20241202,20250226
910,1,1,1,1,0,1,1,20241202,20250226
911,1,1,1,1,1,0,1,20241202,20250226
912,0,0,0,0,0,1,0,20241202,20250226
913,1,1,0,0,1,1,1,20241202,20250226
914,1,0,0,0,1,1,0,20241202,20250226
915,0,0,0,0,0,0,0,20241202,20250226
916,0,0,0,0,1,0,0,20241202,20250226
917,0,0,0,0,0,0,0,20241202,20250226
918,0,0,0,0,1,1,0,20241202,20250226
919,0,0,0,0,0,0,0,20241202,20250226
920,0,0,0,0,0,0,1,20241202,20250226
921,0,0,0,0,0,0,0,20241202,20250226
922,0,0,0,0,1,1,0,20241202,20250226
923,0,0,0,1,0,0,1,20241202,20250226
924,0,0,0,0,0,0,0,20241202,20250226
925,0,0,0,0,1,1,0,20241202,20250226
926,0,0,0,0,0,0,0,20241202,20250226
927,0,0,0,0,0,0,0,20241202,20250226
928,0,0,0,0,1,1,1,20241202,20250226
929,1,1,1,1,1,0,1,20241202,20250226
930,1,1,1,1,0,0,1,20241202,20250226
931,0,0,0,0,1,0,0,20241202,20250226
932,0,0,0,0,1,1,0,20241202,20250226
933,1,1,1,1,1,1,1,20241202,20250226
934,0,0,0,0,1,1,0,20241202,20250226
935,1,1,1,1,0,0,1,20241202,20250226
936,0,0,0,0,1,1,0,20241202,20250226
937,1,1,1,1,0,0,1,20241202,20250226
938,1,1,1,1,1,1,1,20241202,20250226
939,1,1,0,1,1,0,0,20241202,20250226
940,1,1,1,1,1,1,1,20241202,20250226
941,1,1,1,1,1,1,1,20241202,20250226
942,0,0,0,0,1,0,0,20241202,20250226
943,0,1,1,0,0,0,0,20241202,20250226
944,0,0,0,0,0,0,0,20241202,20250226
945,0,0,0,0,0,0,0,20241202,20250226
946,0,0,0,0,0,0,1,20241202,20250226
947,0,0,0,0,0,1,1,20241202,20250226
948,0,0,0,0,0,0,0,20241202,20250226
949,1,0,0,1,0,0,0,20241202,20250226
950,0,0,0,0,0,0,0,20241202,20250226
951,0,0,0,0,0,0,0,20241202,20250226
952,0,0,0,0,0,1,0,20241202,20250226
953,0,0,0,0,0,0,1,20241202,20250226
954,1,1,0,1,1,0,0,20241202,20250226
955,1,1,1,0,0,1,1,20241202,20250226
956,0,1,0,1,1,1,1,20241202,20250226
957,0,0,0,0,0,1,0,20241202,20250226
958,1,0,1,1,1,0,0,20241202,20250226
959,0,0,0,0,1,1,0,20241202,20250226
960,0,0,0,0,0,0,0,20241202,20250226
961,1,1,1,1,0,0,1,20241202,20250226
962,0,0,0,0,0,1,0,20241202,20250226
963,0,0,0,0,0,0,0,20241202,20250226
964,0,0,0,0,0,1,0,20241202,20250226
965,1,1,1,1,0,0,1,20241202,20250226
966,0,0,0,0,1,0,0,20241202,20250226
967,1,1,1,1,1,1,1,20241202,20250226
968,0,0,0,0,0,0,0,20241202,20250226
969,0,0,0,0,0,1,1,20241202,20250226
970,1,1,1,1,1,0,0,20241202,20250226
971,0,0,0,0,0,0,0,20241202,20250226
972,0,0,0,0,1,0,0,20241202,20250226
973,0,0,0,0,0,0,0,20241202,20250226
974,0,0,0,0,0,0,0,20241202,20250226
975,0,0,0,0,0,0,0,20241202,20250226
976,0,0,0,0,0,0,0,20241202,20250226
977,0,0,0,0,0,0,0,20241202,20250226
978,0,0,0,0,0,0,0,20241202,20250226
979,0,0,0,0,0,0,0,20241202,20250226
980,0,0,0,0,0,0,0,20241202,20250226
981,0,0,0,0,0,0,0,20241202,20250226
982,1,1,1,1,1,1,0,20241202,20250226
983,0,0,0,0,0,0,0,20241202,20250226
984,1,1,1,1,1,1,0,20241202,20250226
985,0,0,0,0,0,0,0,20241202,20250226
986,1,1,1,1,1,1,1,20241202,20250226
987,1,1,1,1,1,1,1,20241202,20250226
988,0,0,0,0,0,0,0,20241202,20250226
989,1,1,1,1,1,1,1,20241202,20250226
990,0,0,0,0,0,0,0,20241202,20250226
991,0,0,0,0,0,0,0,20241202,20250226
992,0,0,0,0,0,0,0,20241202,20250226
993,0,0,0,0,0,0,0,20241202,20250226
994,0,0,0,0,0,0,0,20241202,20250226
995,0,0,0,0,0,0,0,20241202,20250226
996,0,0,0,0,0,0,0,20241202,20250226
997,0,0,0,0,0,0,0,20241202,20250226
998,0,0,0,0,0,0,1,20241202,20250226
999,0,0,0,0,0,0,0,20241202,20250226
1000,0,0,0,0,0,0,0,20241202,20250226
1001,0,0,0,0,0,0,0,20241202,20250226
1002,0,0,0,0,0,0,0,20241202,20250226
1003,0,0,0,0,0,0,0,20241202,20250226
1004,0,0,0,0,0,0,0,20241202,20250226
1005,0,0,0,0,0,0,0,20241202,20250226
1006,0,0,0,0,0,0,0,20241202,20250226
1007,0,0,0,0,0,0,0,20241202,20250226
1008,0,0,0,0,0,0,0,20241202,20250226
1009,0,0,0,0,0,0,0,20241202,20250226
1010,0,0,0,0,0,0,0,20241202,20250226
1011,0,0,0,0,0,0,0,20241202,20250226
1012,0,0,0,0,0,0,0,20241202,20250226
1013,0,0,0,0,0,0,0,20241202,20250226
1014,0,0,0,0,0,0,0,20241202,20250226
1015,0,0,0,0,0,0,0,20241202,20250226
1016,0,0,0,0,0,0,0,20241202,20250226
1017,0,0,0,0,0,0,0,20241202,20250226
1018,0,0,0,0,0,0,0,20241202,20250226
1019,0,0,0,0,0,0,0,20241202,20250226
1020,0,0,0,0,0,0,0,20241202,20250226
1021,0,0,0,0,0,0,0,20241202,20250226
1022,0,0,0,0,0,0,0,20241202,20250226
1023,0,0,0,0,0,0,0,20241202,20250226
1024,0,0,0,0,0,0,0,20241202,20250226
1025,0,0,0,0,0,0,0,20241202,20250226
1026,0,0,0,0,0,0,0,20241202,20250226
1027,0,0,0,0,0,0,0,20241202,20250226
1028,0,0,0,0,0,0,0,20241202,20250226
1029,0,0,0,0,0,0,0,20241202,20250226
1030,0,0,0,0,0,0,0,20241202,20250226
1031,0,0,0,0,0,0,0,20241202,20250226
1032,0,0,0,0,0,0,0,20241202,20250226
1033,0,0,0,0,0,0,0,20241202,20250226
1034,0,0,0,0,0,0,0,20241202,20250226
1035,0,0,0,0,0,0,0,20241202,20250226
1036,0,0,0,0,0,0,0,20241202,20250226
1037,0,0,0,0,0,0,0,20241202,20250226
1038,0,0,0,0,0,0,0,20241202,20250226
1039,0,0,0,0,0,0,0,20241202,20250226
1040,0,0,0,0,0,0,0,20241202,20250226
1041,0,0,0,0,0,0,0,20241202,20250226
1042,0,0,0,0,0,0,0,20241202,20250226
1043,0,0,0,0,0,0,0,20241202,20250226
1044,0,0,0,0,0,0,0,20241202,20250226
1045,0,0,0,0,0,0,0,20241202,20250226
1046,0,0,0,0,0,0,0,20241202,20250226
1047,0,0,0,0,0,0,0,20241202,20250226
1048,0,0,0,0,0,0,0,20241202,20250226
1049,0,0,0,0,0,0,0,20241202,20250226
1050,0,0,0,0,0,0,0,20241202,20250226
1051,0,0,0,0,0,0,0,20241202,20250226
1052,0,0,0,0,0,0,0,20241202,20250226
1053,0,0,0,0,0,0,0,20241202,20250226
1054,0,0,0,0,0,0,0,20241202,20250226
1055,0,0,0,0,0,0,0,20241202,20250226
1056,0,0,0,0,0,0,0,20241202,20250226
1057,0,0,0,0,0,0,0,20241202,20250226
1058,0,0,0,0,0,0,0,20241202,20250226
1059,0,0,0,0,0,0,0,20241202,20250226
1060,0,0,0,0,0,0,0,20241202,20250226
1061,0,0,0,0,0,0,0,20241202,20250226
1062,0,0,0,0,0,0,0,20241202,20250226
1063,0,0,0,0,0,0,0,20241202,20250226
1064,0,0,0,0,0,0,0,20241202,20250226
1065,1,1,1,0,0,0,0,20241202,20250226
1066,0,0,0,0,0,0,1,20241202,20250226
1067,1,1,0,0,1,0,0,20241202,20250226
1068,1,1,1,1,1,0,0,20241202,20250226
1069,0,0,0,0,0,0,0,20241202,20250226
1070,1,1,1,1,1,1,1,20241202,20250226
1071,1,1,1,1,0,0,0,20241202,20250226
1072,0,0,0,0,0,1,1,20241202,20250226
1073,1,1,1,1,1,1,1,20241202,20250226
1074,0,0,0,0,0,1,0,20241202,20250226
1075,1,1,1,1,1,0,1,20241202,20250226
1076,1,1,1,1,1,0,1,20241202,20250226
1077,0,0,0,0,0,0,1,20241202,20250226
1078,1,1,1,1,1,0,0,20241202,20250226
1079,0,0,0,0,0,1,0,20241202,20250226
1080,1,1,1,1,1,0,0,20241202,20250226
1081,0,0,0,0,0,0,1,20241202,20250226
1082,1,1,1,1,0,0,0,20241202,20250226
1083,1,1,1,1,0,0,1,20241202,20250226
1084,1,1,1,1,0,0,1,20241202,20250226
1085,1,1,1,1,0,0,1,20241202,20250226
1086,1,1,1,1,1,0,1,20241202,20250226
1087,0,0,0,0,1,1,0,20241202,20250226
1088,1,1,1,1,0,0,1,20241202,20250226
1089,0,0,0,0,1,1,0,20241202,20250226
1090,0,0,0,0,0,1,0,20241202,20250226
1091,0,0,0,0,1,0,0,20241202,20250226
1092,1,1,1,1,1,0,0,20241202,20250226
1093,1,1,1,1,1,0,0,20241202,20250226
1094,1,1,1,1,1,1,0,20241202,20250226
1095,1,1,1,1,1,1,0,20241202,20250226
1096,1,1,1,1,1,1,1,20241202,20250226
1097,0,0,0,0,1,1,0,20241202,20250226
1098,0,0,0,0,0,1,1,20241202,20250226
1099,0,0,0,0,0,0,1,20241202,20250226
1100,0,0,0,0,0,1,1,20241202,20250226
1101,0,0,0,0,0,0,1,20241202,20250226
1102,0,0,0,0,0,0,1,20241202,20250226
1103,1,1,0,1,1,0,0,20241202,20250226
1104,1,0,0,0,0,0,0,20241202,20250226
1105,0,0,0,0,0,0,1,20241202,20250226
1106,1,1,1,1,0,0,0,20241202,20250226
1107,1,1,1,1,1,0,0,20241202,20250226
1108,0,0,0,0,1,0,0,20241202,20250226
1109,0,0,0,0,0,1,0,20241202,20250226
1110,0,0,0,0,1,1,0,20241202,20250226
1111,0,0,0,0,0,0,1,20241202,20250226
1112,1,1,1,1,1,0,0,20241202,20250226
1113,0,0,0,0,0,0,0,20241202,20250226
1114,1,1,1,1,1,0,0,20241202,20250226
1115,1,1,1,1,1,0,0,20241202,20250226
1116,0,0,0,0,0,0,0,20241202,20250226
1117,1,1,1,1,0,0,1,20241202,20250226
1118,0,0,0,0,1,0,0,20241202,20250226
1119,1,1,1,1,0,0,0,20241202,20250226
1120,0,0,0,0,1,0,0,20241202,20250226
1121,0,0,0,0,1,0,0,20241202,20250226
1122,0,0,0,0,0,0,0,20241202,20250226
1123,1,0,0,1,1,0,0,20241202,20250226
1124,1,0,1,1,1,0,0,20241202,20250226
1125,0,0,0,0,0,0,0,20241202,20250226
1126,0,0,0,0,0,0,0,20241202,20250226
1127,1,1,0,1,1,0,0,20241202,20250226
1128,1,0,0,1,0,0,0,20241202,20250226
1129,1,1,0,1,1,1,0,20241202,20250226
1130,0,0,0,0,0,0,1,20241202,20250226
1131,0,1,0,1,1,0,1,20241202,20250226
1132,0,0,1,0,0,0,0,20241202,20250226
1133,1,1,1,1,1,1,0,20241202,20250226
1134,1,1,1,1,0,0,0,20241202,20250226
1135,0,0,0,0,0,0,1,20241202,20250226
1136,1,1,1,1,1,1,1,20241202,20250226
1137,0,0,0,0,0,0,0,20241202,20250226
1138,0,1,0,1,1,0,1,20241202,20250226
1139,0,0,0,0,0,0,0,20241202,20250226
1140,0,0,0,0,0,0,0,20241202,20250226
1141,0,0,0,0,0,0,0,20241202,20250226
1142,0,0,0,0,0,0,0,20241202,20250226
1143,0,0,0,0,0,0,0,20241202,20250226
1144,0,0,0,0,0,0,0,20241202,20250226
1145,0,0,0,0,0,0,0,20241202,20250226
1146,0,0,0,0,0,0,0,20241202,20250226
1147,1,1,1,1,1,1,0,20241202,20250226
1148,1,1,1,1,1,1,1,20241202,20250226
1149,0,0,0,0,0,0,0,20241202,20250226
1150,0,0,0,0,0,0,0,20241202,20250226
1151,0,1,0,0,0,0,0,20241202,20250226
1152,1,1,1,1,1,0,0,20241202,20250226
1153,0,1,0,1,1,0,0,20241202,20250226
1154,0,1,1,1,1,0,0,20241202,20250226
1155,0,0,0,1,0,0,0,20241202,20250226
1156,0,0,1,1,1,0,0,20241202,20250226
1157,0,1,0,1,0,0,0,20241202,20250226
1158,0,1,1,1,0,0,0,20241202,20250226
1159,1,1,0,1,0,0,0,20241202,20250226
1160,1,0,0,0,1,0,0,20241202,20250226
1161,0,0,0,0,1,0,0,20241202,20250226
1162,1,1,0,0,1,0,0,20241202,20250226
1163,0,0,1,0,0,0,0,20241202,20250226
1164,1,1,0,1,1,0,0,20241202,20250226
1165,1,0,1,0,1,0,0,20241202,20250226
1166,1,1,1,1,0,0,0,20241202,20250226
1167,1,0,1,1,1,0,0,20241202,20250226
1168,1,1,0,1,1,0,0,20241202,20250226
1169,0,1,0,1,0,0,0,20241202,20250226
1170,1,0,0,0,1,0,0,20241202,20250226
1171,1,0,1,0,1,0,0,20241202,20250226
1172,1,1,1,1,1,0,0,20241202,20250226
1173,1,1,1,1,0,0,0,20241202,20250226
1174,0,0,0,0,1,0,0,20241202,20250226
1175,0,0,0,0,0,0,1,20241202,20250226
1176,0,0,0,0,0,1,0,20241202,20250226
1177,0,0,0,0,1,0,0,20241202,20250226
1178,0,0,0,0,0,0,0,20241202,20250226
1179,0,0,0,0,0,0,0,20241202,20250226
1180,0,0,0,0,0,0,0,20241202,20250226
1181,0,0,0,0,0,0,0,20241202,20250226
1182,0,0,0,0,1,1,0,20241202,20250226
1183,0,0,0,0,0,1,0,20241202,20250226
1184,0,0,0,0,0,0,1,20241202,20250226
1185,0,1,0,1,1,0,0,20241202,20250226
1186,1,1,1,0,0,0,0,20241202,20250226
1187,1,0,1,0,1,0,0,20241202,20250226
1188,0,0,0,0,0,0,0,20241202,20250226
1189,1,1,1,1,1,0,0,20241202,20250226
1190,1,0,1,1,1,0,0,20241202,20250226
1191,0,0,1,1,1,0,0,20241202,20250226
1192,0,0,0,0,0,0,0,20241202,20250226
1193,1,0,0,0,1,0,0,20241202,20250226
1194,0,1,1,0,1,0,0,20241202,20250226
1195,0,0,1,1,0,0,0,20241202,20250226
1196,0,0,0,0,1,0,0,20241202,20250226
1197,1,0,1,1,0,0,0,20241202,20250226
1198,0,0,1,0,1,0,0,20241202,20250226
1199,1,0,1,0,0,0,0,20241202,20250226
1200,0,1,0,1,1,0,0,20241202,20250226
1201,1,1,1,0,1,0,0,20241202,20250226
1202,1,1,0,0,1,0,0,20241202,20250226
1203,0,1,1,0,1,0,0,20241202,20250226
1204,1,1,0,0,0,0,0,20241202,20250226
1205,1,1,1,1,1,0,0,20241202,20250226
1206,0,0,0,0,0,1,1,20241202,20250226
1207,0,0,0,0,0,1,1,20241202,20250226
1208,1,1,1,1,1,0,0,20241202,20250226
1209,0,0,0,0,0,1,1,20241202,20250226
1210,0,0,0,0,1,0,0,20241202,20250226
1211,0,0,0,0,0,1,0,20241202,20250226
1212,1,1,1,1,0,0,1,20241202,20250226
1213,1,1,1,1,1,1,1,20241202,20250226
1214,0,0,0,0,0,0,0,20241202,20250226
1215,1,1,1,1,0,0,1,20241202,20250226
1216,0,0,0,0,1,1,0,20241202,20250226
1217,0,0,0,0,0,1,1,20241202,20250226
1218,1,1,1,1,0,0,0,20241202,20250226
1219,0,0,0,0,0,1,0,20241202,20250226
1220,0,0,0,0,0,0,1,20241202,20250226
1221,1,1,1,1,1,1,1,20241202,20250226
1222,0,0,0,0,0,1,1,20241202,20250226
1223,0,0,0,0,0,0,1,20241202,20250226
1224,1,1,1,1,1,1,0,20241202,20250226
1225,1,1,1,1,1,0,1,20241202,20250226
1226,0,0,0,0,0,0,0,20241202,20250226
1227,1,1,1,1,1,1,1,20241202,20250226
1228,0,0,0,0,0,0,0,20241202,20250226
1229,1,1,1,1,1,1,1,20241202,20250226
1230,0,0,0,0,0,0,0,20241202,20250226
1231,1,1,1,1,1,1,1,20241202,20250226
1232,1,1,1,1,1,1,1,20241202,20250226
1233,0,0,0,0,0,0,1,20241202,20250226
1234,1,1,1,1,1,0,0,20241202,20250226
1235,1,1,1,1,1,1,1,20241202,20250226
1236,1,1,1,1,1,1,1,20241202,20250226
1237,0,0,0,0,0,0,0,20241202,20250226
1238,1,1,1,1,1,1,1,20241202,20250226
1239,1,1,1,1,1,1,1,20241202,20250226
1240,1,1,1,1,1,1,1,20241202,20250226
1241,1,1,1,1,1,1,1,20241202,20250226
1242,0,0,0,0,0,1,1,20241202,20250226
1243,1,1,0,1,0,0,0,20241202,20250226
1244,0,0,0,0,0,1,1,20241202,20250226
1245,1,0,0,0,0,0,0,20241202,20250226
1246,0,1,0,1,0,0,0,20241202,20250226
1247,1,1,1,1,1,1,0,20241202,20250226
1248,1,1,1,1,1,1,1,20241202,20250226
1249,0,0,0,0,0,0,0,20241202,20250226
1250,1,1,1,1,1,1,0,20241202,20250226
1251,0,0,0,0,0,0,0,20241202,20250226
1252,0,0,0,0,0,0,0,20241202,20250226
1253,0,0,0,0,0,0,0,20241202,20250226
1254,0,0,0,0,0,0,0,20241202,20250226
1255,0,0,0,0,0,0,0,20241202,20250226
1256,0,0,0,0,0,0,0,20241202,20250226
1257,0,0,0,0,0,0,0,20241202,20250226
1258,0,0,0,0,0,0,0,20241202,20250226
1259,0,0,0,0,0,0,0,20241202,20250226
1260,0,0,0,0,0,0,0,20241202,20250226
1261,0,0,0,0,0,0,0,20241202,20250226
1262,0,0,0,0,0,0,0,20241202,20250226
